0.5590930588190329 0.15930336506263143 5.2467070233976
0.5393630624586218 0.017134072641465936 4.9583510884756485
0.82950444132055 0.567022029094538 6.119989485389095
0.008146630257001464 0.6897973124157858 5.249306800517564
0.9339244407518832 0.6702979739163027 6.343805251628407
0.45651818311544845 0.6618676780663612 5.815299674822249
0.1022109162204553 0.9035852355052575 5.604089032166323
0.3631594215953595 0.5696004457184113 5.573941989835686
0.19291709845342442 0.4217956604593015 5.021772272629034
0.2881229316004249 0.03330337580390064 4.261209540582555
0.9868407569418572 0.6164714762490081 6.321214843742631
0.4795775104434401 0.20498758287365604 5.168639732484616
0.21189273373067063 0.5869626004434968 5.379072678125382
0.7365230909203323 0.24715241235253183 5.63789831094053
0.26233481585615626 0.8821403557348475 5.791638355381287
0.9199619062416353 0.9928190774497759 6.73302932848917
0.5545832870403338 0.748262012589963 6.025675496642568
0.49253263566040817 0.06464266072195701 4.934938691430325
0.7507677303085272 0.6512178127451682 6.1392658577649435
0.01403442674482458 0.5406792946989096 4.955806117555362
0.09313552035346517 0.6907044674191303 5.371905130929778
0.1091680949020486 0.06304729889853233 3.702124985592761
0.3321765590143547 0.28998213089711955 5.023243741015569
0.13445888256340044 0.19720659922403616 4.260618016817498
0.8858052358615047 0.8259470061664501 6.486611686495303
0.5037690047600105 0.600197041058357 5.8003002988764525
0.8159230017675743 0.39996659666630563 5.907046487980157
0.10092371230954378 0.5180657182615688 5.06231308120914
0.9527767089467537 0.06635035827277369 5.579998114120067
0.7139242489388554 0.5980091863036157 6.04003132474276
0.47285909642114576 0.33484401448536727 5.379109954303325
0.8188504268688633 0.8778392380084289 6.469059052108003
0.5165144278676556 0.6164783360345863 5.835583632680542
0.30048224125294076 0.8459115884481975 5.811225878044596
0.25290678640409747 0.9673195252809428 5.828627037315521
0.5389946272727363 0.7986456529879141 6.05745018208922
0.5787979788443377 0.8274797274306069 6.132059329252962
0.9830204809323249 0.22278790840666285 5.795177941177177
0.6396824229508788 0.5171561284651005 5.863573796934619
0.04795885620030349 0.45326876341234856 4.800956029986872
0.4234172683532459 0.47337608188332003 5.5189839378314955
0.5688968881008255 0.009375728692536778 5.0132287216905
0.09227995619257823 0.253576661845044 4.316722822700986
0.4104361351614124 0.07895178528347047 4.7525919981204945
0.5518962914540104 0.4320760054877786 5.644779123246161
0.9515842478808517 0.7973984592728202 6.524104348804996
0.4988490547708263 0.8729618617427406 6.076750146164318
0.9855431889540935 0.6020258372384313 6.300894295317258
0.7827113239413541 0.7765546582137907 6.314073137642143
0.12315631517820214 0.8435521854159144 5.588580277034488
0.5260438996515883 0.09680082072877894 5.072455956675239
0.5912746148198482 0.4440795827349311 5.713105282955457
0.45822320407293204 0.8805891886798479 6.033228038153898
0.8861570660280278 0.9115879907097103 6.590265099183647
0.43420863905752605 0.5672238579238299 5.668436891078146
0.7252444778289752 0.7350885003999752 6.205147999015804
0.3138073399596216 0.17421866867961366 4.714192564943184
0.1359188480125264 0.1351564023772196 4.05921483774013
0.5616949010312026 0.639302160302951 5.916184084512223
0.6332531993970121 0.15434923159529434 5.369552063783166
0.8372105027973246 0.846872615538544 6.455455663826968
0.852014126576995 0.049911631407780654 5.503136081234941
0.46949552848897547 0.6688489580980138 5.839275480283035
0.7788991886040149 0.42766698997013997 5.905720204990493
0.07485303695677525 0.17610438135023765 3.9959549383409065
0.0959384630503054 0.2413673816073253 4.287604646596474
0.247526530000582 0.6582829938247973 5.539149212535214
0.4454930531592164 0.7294705241745565 5.876947288793991
0.618423450328721 0.027015138380755532 5.147828134750408
0.2848644678283291 0.7861550944346435 5.73814032422448
0.26039953826279094 0.375462995194921 5.055611354644977
0.17346793763804658 0.28454091108510204 4.6326732492107805
0.8232940162861307 0.6078053708849778 6.1623406507487
0.05489134750535152 0.3819907180545412 4.616497486630168
0.7394363692755863 0.1823266262458274 5.557646757354277
0.5480136517710157 0.4627151397106114 5.6809424243573
0.7488741657968851 0.015463139322998365 5.348382982022359
0.0877003105280566 0.2521925554218809 4.298804697888414
0.20068838896527996 0.5047720498972633 5.211455973840717
0.4079973118000647 0.640288233718645 5.728432416767877
0.6191797048841682 0.6523940999009736 5.99721281472734
0.6209653817736374 0.08320558322069505 5.241006080129403
0.4153406289516165 0.6045137868064676 5.69258234255666
0.41083645655669465 0.21023020750157395 5.0318694985174215
0.8098614901965112 0.3473819445687337 5.837507588184922
0.594576908380803 0.4418267316393597 5.714417337198216
0.26736052955089995 0.9912857093238728 5.857679315106428
0.7878291571725691 0.5416067437331372 6.0500444301607805
0.6248286952986803 0.7605341469605288 6.119343505350363
0.017710939776872436 0.23245604537883524 4.015006678651378
0.7978966326471758 0.011839256604350257 5.403434938411261
0.7551394487743165 0.5363375614791517 6.011354520256258
0.7990753219434684 0.23920866689588793 5.693913312478803
0.6907231678376863 0.6068460300317159 6.025260960887418
0.24364968575768986 0.7203781012280022 5.614405156618261
0.009786749023228847 0.7710312827915824 5.369426309384802
0.31104231241556 0.7360135243430634 5.71834136859239
0.6463905819862048 0.30915672575319386 5.606481464403247
0.4129339852530899 0.9419545788073698 6.0219098170185825
0.6094674975337612 0.6863998347282574 6.023560667215325
0.3498710295495293 0.2990498126287593 5.079972062263372
0.12535322652629666 0.5353909801240783 5.1426946942115945
0.9404617002583966 0.6996739882542815 6.387443169944795
0.832648352097141 0.11457680204264842 5.568523157636096
0.7660512124829234 0.4233371260344687 5.887826422556108
0.19919253865255437 0.7323001663507394 5.571024086440351
0.3845486246834471 0.5123922996443765 5.520193698487436
0.5092349694552702 0.4363085747977319 5.590829894930851
0.6291417850515135 0.6166122377099098 5.968214275298977
0.6580377596063277 0.8020908302527343 6.199947321053797
0.8299857472567002 0.8311419635051638 6.429012280028014
0.7987184719585297 0.4132704747746686 5.9073071774714245
0.23164633921273092 0.7368664204670169 5.6184064655535195
0.5699074669848003 0.6283073319025155 5.913274722293744
0.21477421534464813 0.26770461356064335 4.693125823016286
0.3734256942511668 0.6345057078668167 5.676274710784925
0.8925120576265766 0.6415540269947774 6.268921106272049
0.22451884331091254 0.450114655068241 5.143904684572481
0.5097939684454901 0.41838524256965537 5.565909183109203
0.9387984772009991 0.7287231530569742 6.422809645646879
0.37460846349500354 0.7239600338246086 5.784369461707443
0.1955133447673184 0.18432912749774188 4.406404708165546
0.14363273856823555 0.6605805614352027 5.397379375041311
0.18545049383777457 0.039028821112649936 3.9091104160908174
0.7916291521533654 0.18177372797646818 5.614516885585148
0.0807190016431083 0.9086754963658659 5.579648105722716
0.4127107096021605 0.5802732395165829 5.657051535191039
0.790165896109683 0.7703985560444275 6.315420697235398
0.3410568993091687 0.6334189279218836 5.631961105248605
0.6987484812316619 0.806340101161484 6.251271811315762
0.3145509543719591 0.43620723274936357 5.279621112759747
0.5499988484761441 0.7952685213263427 6.067160622991011
0.05643432551004124 0.005855465590285491 3.2529765651207816
0.45886174002820235 0.1525521048976467 5.02623566352133
0.06513668790943272 0.0541699016038677 3.4911667927974546
0.6030701055988023 0.295678797369862 5.527189169252108
0.7868716451621797 0.4955606665912041 5.994667371820923
0.8818425689275271 0.3919536856763406 5.952427294265517
0.13868474882925919 0.640385655592215 5.3581643064172395
0.7431872921187173 0.8773206364687429 6.377488854593164
0.5140118087866197 0.5135811691588925 5.703420882046039
0.07618830994760672 0.44781155317671517 4.845836856788208
0.6424432479180316 0.6584878383160171 6.030151535194743
0.07222441618160447 0.3546519222744241 4.577840474781876
0.14405322926258268 0.6305049858820341 5.349830587890933
0.8622895313375039 0.8266069229188481 6.460677701883613
0.4397622262648738 0.006887848593857715 4.674540719861195
0.36282455518642587 0.9263080330814961 5.94765592032608
0.3286782038533833 0.5956903003684807 5.562965656321257
0.3337218680086932 0.7503624491987005 5.7621531180014305
0.37446597782169677 0.9512627394037997 5.9783351898610935
0.3259486849830213 0.8639154750685707 5.85702702432361
0.23982423622818416 0.5929970826572022 5.4308411934889085
0.2719912590268969 0.6490732000337628 5.559816693715712
0.5235684212375579 0.0011366669967173282 4.8896726889147795
0.7548391194237067 0.33365886080158236 5.766783842629226
0.6818188040175758 0.3721346620716075 5.733145309756262
0.25813014711778315 0.305240413632202 4.891837429573972
0.7444636824693558 0.7756957372543419 6.270562150088867
0.2470293562391379 0.6176283890290352 5.479582305628361
0.2868438015912187 0.737235919220398 5.6892006828370265
0.22232031080251102 0.57944001524126 5.382357210949074
0.6130225477784522 0.572867458827486 5.899132047581353
0.7662338334091329 0.8706220237448737 6.398069804268476
0.020014888698648536 0.5580545372014749 5.007258716053235
0.3061881560807197 0.37839422698397474 5.1527893979849155
0.7417651459004903 0.8331023286403424 6.329147113577841
0.15493616185573844 0.08373100390338895 3.9494998434616857
0.2921936645669678 0.167810728861706 4.639338182913627
0.5102964007161306 0.284247493559991 5.361412020357445
0.5752406433683975 0.6367686270345343 5.929166861550817
0.902856283697425 0.9980203925232998 6.716443024874728
0.1486683107215171 0.8682765652622836 5.63971875943272
0.12311955574393274 0.9879386874588579 5.663899063948
0.22132864086557413 0.8559596792099377 5.721196905956487
0.9267834996258066 0.755461858347453 6.444320419490102
0.013274505841009643 0.0001497598446612569 3.0335153359401024
0.6493889716562635 0.9134864337695742 6.298300830432058
0.1471078800601523 0.14147876279635752 4.118381653095964
0.4889545474116317 0.8042684132916487 6.003396119138736
0.9794628295906942 0.4170899242605034 6.051113399593855
0.6033272050613585 0.1329022533484594 5.286105428064027
0.45559275107780806 0.31321947209624823 5.312673983742749
0.28007402511692614 0.32739364306030394 4.9914809106074
0.008940655774815953 0.7939812542379511 5.39533852012625
0.6301253534667537 0.8352873600800705 6.200349467023206
0.7249276129996263 0.5481972135399146 5.994074961252107
0.4937739593663838 0.7688685845018988 5.974918964527555
0.6695912029906704 0.2048422335430461 5.496435878585434
0.047267846799741164 0.4605000091195973 4.818704496495082
0.6491340448954774 0.834578212821783 6.222105284141092
0.4960399086066203 0.6224553536090384 5.817574949957839
0.9332293806153867 0.08031505682262874 5.590818889570296
0.3647018687336714 0.202190142157602 4.908084161074184
0.8970556970291818 0.5268012980341217 6.131445273263509
0.5121934683936603 0.8207789650145619 6.046531476336623
0.34952434138182253 0.5896570326791023 5.583470256038448
0.465320915261625 0.28101858638520305 5.275110801588838
0.683990854205177 0.08099627692351374 5.344481371613426
0.20254564029466804 0.9880895554969165 5.769931779755811
0.7315709949994353 0.07343163917063955 5.403281241880472
0.6757670995859222 0.326507610551489 5.667255372300481
0.9866765833062789 0.1656227731842379 5.720271903456528
0.1812064726774223 0.06921340777070406 3.9954801352910057
0.5692905089442031 0.4580078856559435 5.702817082776889
0.27858835131830073 0.6388456357285729 5.554645393602062
0.13671816300800355 0.49887059909999043 5.085373101756575
0.37746214801928746 0.9690788508356311 5.992798317704436
0.3497301168050855 0.6674396945455161 5.687016623453376
0.3117924448081021 0.9377492602452137 5.889670686263356
0.9371470431894732 0.9905478467318561 6.753189160086405
0.43757909872822887 0.028883271017157264 4.716904997512069
0.7003819636091816 0.06915588688628727 5.352865142216202
0.755923746889249 0.2738626411371592 5.693320284209256
0.8632996299215099 0.36983315744054734 5.910629146155977
0.8593605086913138 0.3333891663469344 5.862623847182525
0.4945512430903958 0.4625629157889217 5.6071441312608385
0.5385670051693424 0.42127848850658656 5.611354384840807
0.41362176240449267 0.4757684152036623 5.507846634510985
0.03798333898720607 0.0559296972314135 3.3862309108185147
0.7695680425869488 0.43850009251329725 5.909591219413528
0.8660227444942107 0.2522056784323341 5.767281300289712
0.06169050594207548 0.45824232035738843 4.842718361503749
0.9282779728860765 0.06755418590142337 5.572362387368914
0.3679641618247026 0.3488932174211957 5.214133389783386
0.46246099466831336 0.03873982914745022 4.806143686926165
0.3728799788341426 0.6702927775603728 5.720267092271327
0.9731472531425133 0.7177089831752262 6.442731293068162
0.6628140744716422 0.027119278733552132 5.230979391736863
0.16887885065083774 0.6487808427888004 5.415247869869284
0.943593825161547 0.3595029792815331 5.95436447229752
0.23752009957626197 0.8088331240584964 5.701030280507217
0.06892565930192174 0.23869530145840034 4.197387976547365
0.04552519666493127 0.9761239546266217 5.558563487638773
0.584190919489626 0.8303176567199848 6.14115242556518
0.8149819213106524 0.3221492022165032 5.811239166305473
0.8804593471497096 0.332734191283913 5.878006905856228
0.8295861111328644 0.2248855079245684 5.703946718853477
0.7102917988694638 0.7319928242912165 6.185333230087311
0.8802784230295191 0.9297401987460758 6.604686242772234
0.5983087500811152 0.28650494411243843 5.507065669321313
0.9529306298801719 0.1383184330584577 5.673417450060048
0.587371793081883 0.6430956679092814 5.950409391970042
0.5526868070610808 0.28277361211069796 5.430351060059739
0.18277638127667317 0.8098572066822287 5.633563296240607
0.42264090969115997 0.5268810861117171 5.59669844029528
0.5766409053497937 0.6232690565459147 5.9153873660688525
0.5837095788773686 0.16862145126475436 5.306750276000658
0.48082452949570553 0.7347373094367834 5.924852915173037
0.22133821182527758 0.385891373361015 4.998385892706796
0.17230412843064136 0.6132897448217014 5.363316680107628
0.30843867031842986 0.6552209371853132 5.617226108239544
0.3144651384821985 0.4183769066413743 5.246179299637934
0.12644853974025783 0.19738657696581585 4.236341346726179
0.7146873421912062 0.3555786793275576 5.750369876377794
0.4339496485378752 0.9059716194231873 6.022958610262792
0.9003097196433634 0.11723703047294176 5.621208354848375
0.06554793715942564 0.7270198811900642 5.386361417723305
0.14443807293567756 0.5426845735000992 5.1901764123994
0.7108963616564996 0.6147852887126176 6.055943722245936
0.25051197640679257 0.17593885511823737 4.543412934863932
0.5400721556104827 0.3121553291347511 5.454651316974056
0.8838331005605821 0.5714567953902954 6.175033862410443
0.07538531865372533 0.06499514464137768 3.576147363145308
0.37139360602453864 0.38475730326261826 5.2866883122400425
0.7274380086773301 0.016104046088323942 5.3192266951442635
0.17581923928346255 0.07335818684054363 3.989885830194947
0.9140076035296559 0.547813001953104 6.171794567524143
0.8618982231708299 0.027403275594630516 5.482346818241595
0.12766957705194137 0.8302210900739364 5.582881922032573
0.5255699357897319 0.5644383269381861 5.783467940085683
0.8489849682026271 0.8005706432401299 6.415063670762781
0.5273086822096605 0.7592244511070676 6.004883513863892
0.4039796124709727 0.4755587581080112 5.492849019377916
0.28353415878596777 0.9109687326624137 5.837506859362354
0.5105256062864463 0.28617149212030457 5.36491122268532
0.43643002306732237 0.9184045049418602 6.035291930908665
0.3688582301849035 0.24028225849998197 4.999418366097892
0.23348845802064366 0.9657640207241671 5.80252421740192
0.21498439552321014 0.9928617276700776 5.788070848397778
0.13269619750696948 0.10947304990637263 3.9590827880007433
0.7361498893575555 0.2603029422334131 5.654271514779887
0.5116417507105712 0.3157717800214318 5.413903271429092
0.8756419151932572 0.4969334515952598 6.076673827460641
0.2972514477552385 0.7930278757016314 5.760158545752098
0.7001533556393644 0.6728650743667967 6.109558308073714
0.019833837782279207 0.7862730523196532 5.400809434543139
0.2483749471555815 0.44019397243804326 5.167873527528753
0.7163010345786623 0.35281470696800943 5.748728724624754
0.9201236827547924 0.9945551090886331 6.73540298789208
0.015380317326159298 0.9901884565886949 5.520303057268905
0.29152031943555656 0.041290595710751554 4.295575000264795
0.7507265919554934 0.21511071144829652 5.613076756324591
0.2716025328527045 0.30104121406421214 4.91283702311547
0.6264132575044131 0.19286543459284755 5.414948120266362
0.4768011029323771 0.27940713598644484 5.293574776106324
0.7194916294424168 0.74090033565677 6.20512663791882
0.5260887456535128 0.23008652821796927 5.301346577697777
0.17012082862156708 0.2331740752993403 4.4769627116056885
0.37946452515480056 0.5234790362726223 5.52946041749392
0.716867168795419 0.6426327983775774 6.093791032833901
0.2999328443471111 0.6221976969556653 5.560680715553609
0.8879389044560676 0.8915587256739709 6.568320971732901
0.2253228478591549 0.8632875936277624 5.731783312213033
0.1366996714552594 0.9276585858737082 5.66047200823293
0.9094689033308581 0.7381274575483886 6.40471479157338
0.6445760938819554 0.1202148215052099 5.337899296672687
0.08849318898377356 0.8481245261374064 5.548703904554009
0.3614586516653723 0.22355490685799106 4.94684427677347
0.29803133091690004 0.7062066117902265 5.667586772548657
0.7086843047570968 0.6961806566121239 6.144524408285373
0.8820737423943562 0.41581518293575936 5.982106379979697
0.8171019450563783 0.5135507482088494 6.04473745941618
0.5604976653964571 0.13113102668790233 5.203054925115334
0.36550389859593546 0.7052784744205145 5.752121247544635
0.29583707438976603 0.046982636700830804 4.326093648098143
0.533684246145466 0.02894672058379033 4.966554571466209
0.13379255024188197 0.053820639508709966 3.763595743085674
0.7818906018157383 0.873541414003885 6.419976713126233
0.7545913987529047 0.5054251118975744 5.974414136442808
0.05928490147652943 0.13789889647044862 3.799326386322259
0.8828534712781574 0.14717156831785005 5.647981314319084
0.7864696614709231 0.006107815026819341 5.3830892505145
0.7947366471694216 0.16096985337664194 5.59133879361091
0.5879215259813567 0.903807683305571 6.213026464330347
0.6782921580103989 0.038048886780932545 5.273568959739506
0.21112891766928743 0.3096082835375813 4.792500388908162
0.12992969209391947 0.21127848503644842 4.292034923897669
0.1613837875739036 0.705920928788606 5.487385473135079
0.9913872954636012 0.28545760672652365 5.881944558633919
0.1971033381078071 0.9304611858724541 5.739015702830389
0.8036105996881172 0.5368198024241904 6.059643122131453
0.18102561282473828 0.17182725897329698 4.3246796568001775
0.11743950757749844 0.33794243191145024 4.641102078334045
0.8786107716314527 0.7348715970879925 6.368801052453976
0.07737782053340458 0.006010200651560882 3.345414771458064
0.28295911898243553 0.775226132629721 5.724851678461337
0.6333640513883907 0.6973841289041794 6.062474917753229
0.6991832670053545 0.22096778414948237 5.558236283271224
0.8924613516626145 0.273427559742769 5.81265150346319
0.5576136732314119 0.6816259048214166 5.958651310972044
0.22220533541669674 0.9871440335707218 5.795845746637992
0.5578225051317883 0.7943855707253243 6.075504191436027
0.7474939345942236 0.6388860233228649 6.121861795712088
0.27333141614490786 0.906892852648518 5.822057488615874
0.03679504289732105 0.5576039873272631 5.035872500661504
0.1254842035562217 0.9117635427777906 5.638089865398705
0.3831863151090802 0.2836251429841289 5.1184648158156705
0.9023798051637403 0.12178559845226677 5.628160964586862
0.8690339501846791 0.7752463377507646 6.407133275883113
0.30419600456152596 0.17100127594769476 4.680328534511915
0.17542650563556694 0.8765939063211876 5.67914954016028
0.6591483978031617 0.8032818090719328 6.202441407385841
0.8477126403154166 0.6671584068132325 6.256440261126054
0.6426982497768791 0.05356803372517882 5.234991399770601
0.10542343101897167 0.9008198911498929 5.606572398432866
0.2567399972212707 0.5847700317118983 5.442819353211948
0.9185518937027111 0.6921219735933535 6.356533295235742
0.17664228584305686 0.29944771653806845 4.681559271698187
0.5378569641326255 0.9682197847750784 6.202437881303288
0.12022644839219054 0.14308301872122398 4.032886994047624
0.7006283444444278 0.5142408229146483 5.928339999280518
0.17667251568785658 0.740959828825558 5.5521112014019245
0.39624951071538894 0.18425100385899817 4.944884078073952
0.7260248424624559 0.3206576443173421 5.719297207553508
0.9208716425452556 0.41119574008872184 6.005220537437736
0.4489495209600486 0.02297377859682248 4.735866132056038
0.314427255613156 0.10206507820328492 4.533674369047252
0.5093368742643147 0.004699403341546948 4.8603075347071245
0.7427008585830851 0.42403923715698233 5.864877570119038
0.28998820310117746 0.3741572205961847 5.112359481035732
0.7659445626876592 0.5867656378227766 6.081025028308244
0.3634940454677892 0.03376069114543423 4.508766721932995
0.8217698473681042 0.8329125793406098 6.4215856427484725
0.9611065972672695 0.6001708580305041 6.278053026342417
0.6664459515844459 0.3635787407588439 5.703653468933611
0.1448874340671138 0.2729704406273046 4.524310116684391
0.3551410930366896 0.17591614621783314 4.825833305201833
0.12513546476930415 0.7910780316517031 5.542022708917129
0.05302537037580868 0.7089075765897843 5.343102617585357
0.6315750831398815 0.25203169990855034 5.507375061301982
0.7908550157254397 0.70653732620485 6.243981475787934
0.12175220396412556 0.3664549177043215 4.730595110267464
0.40864742061092296 0.6250200280918461 5.7101401997800885
0.19124934634519275 0.7440850050099076 5.5747305033952035
0.8920396987997403 0.2196332087949745 5.744986584595476
0.48082863703331924 0.5137508872583125 5.659158498931354
0.81876779560059 0.8300449170009395 6.414870183590314
0.6445804544365776 0.9565191544565365 6.331690540347583
0.8352131109961178 0.6394199008620314 6.211263743799823
0.49642569911635537 0.04246594734202702 4.901359024310899
0.4285969280687435 0.8610337697022227 5.980868794853561
0.6938830123275422 0.8869545524785355 6.327554802461664
0.20245940405856433 0.6545140472757955 5.471424615858582
0.431871578018172 0.04053923794629477 4.726559159744485
0.8362001839182477 0.9500269975645458 6.572272953934431
0.09879556711782844 0.3090807107434089 4.509039996073564
0.00877688006828592 0.015137807745248644 3.081055799319434
0.8428989501536474 0.2112036581007587 5.698155567633249
0.5522653809230795 0.8216718104076243 6.095082223340237
0.8984211135673976 0.3109390411216376 5.863660961570021
0.5501586233583413 0.8367879857238097 6.106677257954701
0.12549947756050572 0.2772214787612153 4.484401787783298
0.2463434106051654 0.13989239528950947 4.43088270630506
0.5199972681384728 0.49849782228799255 5.691356640377064
0.651122084890015 0.48705850840836107 5.840298992505656
0.564688364055598 0.3830486172202364 5.59484720208781
0.3680423634245008 0.5071692682876048 5.4873901115101
0.9779449462587877 0.7370941973490004 6.4730382272798614
0.41156470044229243 0.026256403776675707 4.636163407993523
0.12647940510745448 0.8393788923282262 5.589274584943892
0.06184460398654812 0.9627409754503891 5.577019747547924
0.07052528338032638 0.8162192745033958 5.497663344534043
0.8567686137761503 0.8644083646738137 6.498770044106522
0.9152522409484274 0.35013076902806717 5.924278927925393
0.5644406862346649 0.47606876965365597 5.720171569594425
0.31138591011696937 0.9921712073560717 5.917000058201561
0.3117914523512231 0.015325024405454801 4.2911754066376
0.39503731685067245 0.4783143422278232 5.483441361318155
0.907365394878422 0.0818304506348152 5.580355520163835
0.11967701306758782 0.29101869322137885 4.5101051248040855
0.04291021047617283 0.2203662145442502 4.051347893005342
0.9373777276966786 0.30919864539927133 5.886132980456318
0.09226652292967186 0.03832092449060853 3.5389098078188423
0.5749075089717516 0.5579955617966673 5.8362745146284585
0.3196399789184139 0.30774253157139764 5.033966629701519
0.7171448950700634 0.12753778842421692 5.456846834515376
0.17508529767718883 0.5765326706992752 5.304095064659894
0.6469093791302826 0.8939819478858133 6.27688603141447
0.15398355982146283 0.5273774487677592 5.17579435122727
0.20928335903373607 0.63863406373617 5.4574312431386325
0.5705052354683743 0.5824838697996453 5.8604262880168
0.4890329159961829 0.6361079667276857 5.825154128999336
0.9476674521859956 0.26911980365074517 5.840276022417869
0.4647327063512703 0.7620706112463426 5.933571452139626
0.4837322945852476 0.33651636164219945 5.400242209740494
0.4857858632808588 0.6840076380881398 5.876133052013282
0.7704063120429957 0.6714149818011387 6.182660364146826
0.10992247427613722 0.4742723642279618 4.979130272612254
0.32536304067760835 0.6619623186795276 5.648357072697584
0.7730397283275874 0.9845718400912519 6.5274690316320605
0.817808539550171 0.8612410645805528 6.449088432889708
0.796191350342417 0.03283694110142443 5.42878989684546
0.21386856457560954 0.5833434774969846 5.376013851915522
0.7046597371097497 0.6991735420382666 6.143424012426621
0.9375334510868968 0.4372644731642388 6.050034843334648
0.9847776593831539 0.13447019351994705 5.678294009242617
0.24846695558399834 0.1238863858984125 4.39180705336477
0.5226482300405735 0.030572447709671824 4.943107013892411
0.47818750882505956 0.94361877689948 6.106775939054725
0.2765513804994686 0.810634662064824 5.751114746561228
0.7688304696851838 0.5296205714803872 6.0172209037915065
0.48220971895314946 0.48252371813272354 5.617859443467117
0.006372812158725871 0.8417911402427859 5.439423912186982
0.3163544361061468 0.16228032020141392 4.691721429735871
0.6393463620518423 0.8791248441603795 6.253562726534297
0.6277802995879458 0.5748919522688621 5.9185122903904155
0.06804334995907779 0.46491332165956023 4.87289310863833
0.3629658701386407 0.1666712752504299 4.8247187722158875
0.5905932252196194 0.5804062269338011 5.881805454526563
0.08878177709801827 0.40356882513231784 4.755901513749352
0.5098723824966559 0.24949961547257704 5.303820017867783
0.9566923301576169 0.8999183073604977 6.6622240103009585
0.4761550702069125 0.8352188845720525 6.016408700072249
0.24465200732169234 0.7596892826123928 5.660549477754361
0.69419246833495 0.8922323390598211 6.333177780768084
0.22777632591607744 0.9850564938913815 5.802536740499625
0.3732252115318584 0.2587564371137425 5.047398021879992
0.4227546728218988 0.24649290867817852 5.128559676134467
0.44765862960539715 0.8760127337095814 6.016516435502009
0.7136744759798758 0.20027617922696694 5.549397861317201
0.936822351194528 0.7402152426133698 6.43541698892599
0.75396235279323 0.5935686400493706 6.076687679423125
0.6792501339817762 0.5731400608640559 5.974091930764482
0.9226746622429313 0.7910582853855183 6.484632916250737
0.34005709475982004 0.6678793900158911 5.675025735408644
0.9378048764126458 0.5459547551111004 6.189005813225865
0.9551718546959238 0.14584235539990087 5.684029680189028
0.7587795488117343 0.6691750691410149 6.167967500698142
0.978617666190342 0.8312399324640336 6.598143403571203
0.8773205305286397 0.41609461348322674 5.978710183148905
0.9520012162442064 0.4793806070036234 6.114383581335021
0.7165108209249086 0.02745400430643985 5.3188384259965185
0.9696838984373232 0.8737567501606843 6.643771319372938
0.15929576808197476 0.6700021266276862 5.433776300086513
0.8994810228469291 0.16099591904484079 5.675949370618557
0.4613844533383986 0.5732860696347786 5.712454421662479
0.808250104555613 0.8420202662746633 6.416236686099585
0.22718992283404038 0.4647878818976574 5.178754525005816
0.048872534342342844 0.3341787868596391 4.455544915144
0.9636792932792965 0.43296542196141885 6.062107352714532
0.5828070927800564 0.9535465092251074 6.249207621077048
0.7420625307045029 0.41969679544672844 5.858947779487624
0.3669848330414657 0.1666331351214838 4.834836349112054
0.13580702734139627 0.8966381988935191 5.6424618697194555
0.05623002664056853 0.2310956000673029 4.131848903349413
0.37216558827616797 0.5769250407066728 5.596973877727901
0.8932954118611075 0.6955131829081513 6.335850622482061
0.6495879990117055 0.8942452018651463 6.280426705041715
0.9497487539752927 0.5849022896204426 6.248742301917832
0.019961780311357646 0.09824775142136566 3.4910507273151357
0.4828680871040435 0.10853788517187135 4.996588772803627
0.7236570054723727 0.6285187438116859 6.085068294121713
0.9392220822721242 0.5863060525745216 6.241668208287364
0.21046343885581575 0.14602406655505717 4.3379703134361245
0.3383854935289998 0.360464139374595 5.179620940762229
0.9440330319091389 0.15327068793770737 5.689160465791903
0.9203003240302937 0.6386268168548365 6.291152417460644
0.5348298853119479 0.5546450531642333 5.782862915311126
0.9093446707213381 0.676186928732287 6.327727812727709
0.7884522134929249 0.3573293903780629 5.829592645530449
0.5559004440400628 0.04594988709392911 5.04815600465093
0.40222160658845285 0.9787639043269626 6.031024830591937
0.8196532303399945 0.8228844948114811 6.407742311950766
0.19373935029262446 0.7782874570642598 5.615918614255939
0.9441571855842185 0.4439187881505806 6.063172698392539
0.07579325184562324 0.12443367061971 3.8081420384071514
0.6110319870837823 0.9571111594670219 6.288749157542432
0.9041219567128812 0.21564493659506956 5.747663548399891
0.004423943811622366 0.7488992572781721 5.3335047490350345
0.47379204085545323 0.5439433334997132 5.690300790970631
0.844722929319759 0.42139870131121815 5.958370266433217
0.7309926144512485 0.9947840167815388 6.4816872742871015
0.9347495026913407 0.15132508293235947 5.682528047920253
0.06226951658471813 0.41094736137494425 4.7165967491928065
0.37084951080382633 0.5798270337105217 5.599229617705302
0.7252152275626121 0.5758202259320252 6.026432682176864
0.28023544819807467 0.3713751171418481 5.087052252285155
0.36024933534975234 0.9147766076190846 5.936716672477406
0.8968911152434993 0.5552942588317735 6.166571073616864
0.01888635346572376 0.7889660309495837 5.40264672944089
0.48022954021311437 0.6906596348890609 5.876821127575191
0.15922804299211268 0.5213454401838771 5.172663138352537
0.5896883475342325 0.8919867344821454 6.204691529192457
0.20964347021042296 0.7532920619697097 5.608971520153983
0.895272316983974 0.07522189043998473 5.565139942193464
0.48199373832296133 0.5767607650360344 5.743639288748512
0.4761977320315238 0.06301934523071517 4.891290673055292
0.3400988995751296 0.5748077334833281 5.548828563519746
0.43862678884780004 0.1059403684064063 4.884414586868967
0.5006101979408734 0.05974286987935762 4.945109632836525
0.5675861935187635 0.2774614133449126 5.446334906766072
0.5527355186835435 0.022338434723560896 4.99917219061502
0.3901655203730593 0.3397413191868399 5.239094847868894
0.07051058840319968 0.7258994190004724 5.391559956306421
0.07098463959013224 0.029939651512539522 3.416547343988459
0.9535790820961004 0.5042378284217885 6.147664947816874
0.5020622016741844 0.6469955147161112 5.853776087764701
0.7853142381208074 0.6868042113610158 6.215703944543512
0.34729606615235886 0.22023498810864484 4.906153223954754
0.03863693922841649 0.037014673585800906 3.3086003496546637
0.5898862729747253 0.14628753066180267 5.282820633663577
0.29019064096222624 0.3270486384528779 5.012507384375132
0.190415334436292 0.6586431831825721 5.46061793526714
0.7851424577712922 0.4996330194362488 5.9978285893721806
0.936865789253799 0.9248411639548393 6.669648344803594
0.7150972330766655 0.14878622229025296 5.482691808786871
0.488424635362921 0.2903951194025275 5.333043645415211
0.29254264999470236 0.3723584070784438 5.113710089937707
0.43216256604140146 0.8545944698287099 5.979850229484672
0.3657921284896899 0.7636194454904521 5.815401333479306
0.6715678660600444 0.5233626913698037 5.907236110886617
0.9248362776265053 0.641951485940055 6.299503409171466
0.8223873121359693 0.6849076872168689 6.251789390504817
0.7826104142606709 0.44834941469591827 5.934190062030964
0.08991164058425494 0.46925342082359345 4.927721952323829
0.743215248243786 0.08814985374454509 5.438360815439301
0.8611902159429954 0.014224316530646264 5.46512684867332
0.10368635080012933 0.7183650788329464 5.426245888770164
0.6568020714952038 0.10282345567451445 5.3325030780312055
0.7658425443745279 0.32843858211483445 5.771706776793107
0.9833955264137771 0.37545229961783333 5.998148710839926
0.5447123632276806 0.23340434727884218 5.340029409180473
0.7832888617200128 0.9232045857714507 6.475471772852763
0.44902237684266455 0.6053260551646592 5.737408134944703
0.4001160766031182 0.7498608890042839 5.843238568801652
0.4046806630680906 0.5448140467772309 5.596940438473203
0.950449810749364 0.7038039957151885 6.402463661713
0.3835669535461327 0.9039472841674538 5.9584395908665915
0.4994308778488722 0.9990870666645938 6.173615582214715
0.3638187060803335 0.5757467114096707 5.5836646857049645
0.39843006061124053 0.2075319701797299 4.99839125202691
0.3227990758379332 0.7946417481214523 5.793188292940908
0.4551387160370677 0.025754508817044885 4.758957784894292
0.9764562763946217 0.800498987954259 6.555169882620284
0.795473555176285 0.3420284246951766 5.817573880211356
0.0011934931384683933 0.23449745712361147 3.969546238002438
0.06392004622143199 0.36783152523370644 4.596521299758119
0.8888578402850467 0.29284548447499903 5.834423958762613
0.29452531368626156 0.6244445470498216 5.5563730485116265
0.9345471225507143 0.4747401307493787 6.09570038781742
0.5181969029270477 0.49195953285448624 5.680212762106962
0.3042063356192358 0.8268225178172048 5.799678661491527
0.9576870096883969 0.5948821616777873 6.268301701193643
0.4550274380986059 0.8366434468739625 5.992158707886297
0.2645759199287546 0.49928320042905383 5.309627216066486
0.9329365798174621 0.878383480413614 6.6061097771839945
0.7924751612778539 0.34738142934905136 5.821278180979037
0.3629377510278061 0.5774042723572922 5.584791351154007
0.2625003779920765 0.7110003972877824 5.62750792130677
0.20625479561173643 0.06698741978738265 4.078098951267107
0.7527074306288688 0.9676295922780689 6.483085461251745
0.23222281824813196 0.17775246812869128 4.495651308359959
0.22340384581191253 0.536721552654357 5.309730792642245
0.05585865943201407 0.9565073814250267 5.567493090731783
0.22775491465314024 0.025819296773877287 4.023570520763438
0.46220947890379815 0.08050181932689793 4.8913721581395855
0.5833254038506146 0.8753542419776792 6.1819158491664234
0.718249861917854 0.48261561643369966 5.909628559571351
0.5000629137976742 0.4406689749102273 5.583855428135018
0.7715462185999661 0.9107762481673677 6.447510509576356
0.9528589804512718 0.9056779205637937 6.664973139343031
0.7123712299561842 0.3238465602429952 5.707757981454547
0.9223860334043763 0.14373917271196446 5.666845769395245
0.11278662889978064 0.808314683374767 5.543730570667398
0.8856639203542541 0.9154004914543195 6.594237908600652
0.7446903957188294 0.1044100540580728 5.46181641298859
0.2696184470942623 0.8439122792581211 5.771468770907459
0.26284494538771785 0.9410599724141433 5.82873593418937
0.2389222818017821 0.16870384327660515 4.489862753250236
0.5507273898460774 0.6692617514282316 5.936977132428261
0.35527211223254596 0.9969374044773623 5.97813775583345
0.16897845336548856 0.5020241375299809 5.150255986882616
0.4437986117307915 0.2934091181922006 5.256479108578701
0.9989642634286207 0.03957216321219903 5.553364367580138
0.4891387677979452 0.02089721137305134 4.840013668091375
0.11498184465642203 0.17348229116193647 4.1199436054929715
0.5255745655834848 0.5528827547242718 5.769007413263014
0.6134887960873003 0.05661273013111823 5.185294440100521
0.10737072912355294 0.17467602302452334 4.099081818210353
0.4114901278367087 0.44041204512040166 5.449092239282272
0.8404890851979246 0.6061903785080115 6.1769722938943294
0.7248988362600731 0.8176916664929711 6.293288291263645
0.524868617397332 0.2907293762825942 5.396638678846573
0.8650894607447722 0.7622976790027717 6.387437343806822
0.6284939926829486 0.08976311998430775 5.26468059921123
0.04971167776782526 0.5655103856051897 5.075758511426062
0.13768934668361177 0.853579112753957 5.614882453760934
0.9959549198091178 0.9487310717126373 6.7756059426290935
0.06110197591985522 0.0432402286387229 3.429741381217021
0.017449620317237402 0.7815291987039821 5.392180967557521
0.8843259493783622 0.2768330555616968 5.811262206776515
0.37055972076430876 0.48930054549066193 5.4630476393393055
0.345846603964294 0.8297408124689534 5.853322897241293
0.4326782041828652 0.681913159901993 5.809005262732723
0.025515981423884226 0.044716978063642276 3.2856224363590667
0.03218049499631148 0.27635042817672206 4.217354189357832
0.24627531198365193 0.2821374858535116 4.8081700971377686
0.027169624593966657 0.9552090181609937 5.529815517495537
0.08688523592007091 0.6142183330843365 5.2343137206896095
0.6892946838627974 0.946040777300271 6.379563236242653
0.5010481305706675 0.11971345732199579 5.058934448550808
0.2727958425355813 0.5833464690099428 5.464295366506561
0.835426600294021 0.8155962763130945 6.417318062920205
0.5397042380545973 0.21475711857240753 5.30110165173815
0.8584366417514615 0.42830623505745646 5.9783574389912495
0.1859581948016158 0.2845336691652507 4.664668759846705
0.17206202701664752 0.9545506254383754 5.717833151421045
0.42292324757247535 0.262692429345075 5.159600276748221
0.41147003149398576 0.5304724002349884 5.586015162728523
0.443313938409287 0.48225545999064445 5.561747875302724
0.5308319655552679 0.00037809435955737936 4.906408215472398
0.8309945710355281 0.33012934523302984 5.835144323269857
0.5235668065324279 0.2912967622582434 5.39534009699901
0.6830191079669056 0.8060065343735073 6.232803836135128
0.8656921669601982 0.5294399796247973 6.107767789897052
0.49189378144937024 0.23831643007550707 5.251472094817305
0.1396171519505367 0.8947251391291222 5.64609466425366
0.0347934346704295 0.4820574357588807 4.849553685930374
0.07521250291779469 0.08793904449360523 3.6657715429722653
0.703514568710431 0.4748503727553338 5.884455004694425
0.4397182215134605 0.010177859368559306 4.6817130252927415
0.9992459099691214 0.3326827808576114 5.948782379544393
0.17922621483198053 0.0321212392706367 3.8616558440440536
0.7815228976365003 0.8780091164291555 6.424395388025502
0.7279134177310687 0.04127165251046305 5.354487965503418
0.6346371960697945 0.911136266967928 6.277726676839956
0.3817777607375399 0.18234647726465447 4.906132301320278
0.040434200273264165 0.08304953751059596 3.509397455621142
0.7670134164176342 0.7763665494183486 6.296438836802411
0.6578472354325204 0.963184705938341 6.354961996045101
0.930296537713666 0.12626675308114998 5.648381633404435
0.9892369724519791 0.31580249163006713 5.921595596788743
0.8867921982523296 0.42312269466403307 5.994824973272727
0.9073914131786085 0.5275636874957865 6.140990894430877
0.07642009613778533 0.15087868018508876 3.9091880642076124
0.6498327545715717 0.854462626076982 6.242457365268657
0.3596238703246669 0.807881332637711 5.850648745174459
0.25977782112601555 0.3883959171594661 5.082137144184598
0.11734687034697566 0.0532046573636803 3.697084107411504
0.29437799336417936 0.9287395863086504 5.862139112116277
0.8148211590562925 0.4094665286110617 5.917563946457452
0.2594938350017145 0.3723245437611469 5.046949327116217
0.2589713781788118 0.6970263751511121 5.605653950964586
0.21440722083750174 0.34132551061192395 4.878755499815981
0.2757304445375063 0.7132600765126885 5.647320055370728
0.7288268388590021 0.4446692239761053 5.875271661198547
0.4730403246601469 0.38212334443698026 5.4550568952301495
0.676957692034424 0.3600447540001769 5.711929797409961
0.24800500796296643 0.367319786528408 5.012146913481929
0.18343801938952864 0.5484783675137997 5.266216648857501
0.7061961432232844 0.7787825258387049 6.230851129963603
0.006510614203679599 0.6619159538310689 5.198475968624814
0.3666808127925817 0.5150207571825975 5.497545814405127
0.4507496651869439 0.5818981712520961 5.709705052112942
0.10754043107662115 0.40818774310331996 4.809783783230174
0.11614953310287734 0.3084458351207676 4.552548636035899
0.2279802566314164 0.8454281006259079 5.721085971817354
0.8273656405919273 0.0858101266798228 5.527491949174164
0.8161085955162785 0.7370633036641544 6.305629029060258
0.4699752312200126 0.5321186468803436 5.6693558388976175
0.12578960019668983 0.9404633894781308 5.652257777039499
0.8057629686324522 0.9563754411412064 6.540128635085678
0.8735191490983178 0.30967533530998326 5.844233499815418
0.2724942191198134 0.9001425395841863 5.816625978549082
0.5934862258454187 0.5108321729955696 5.800897447045926
0.6943845220792383 0.6879418815667026 6.119896473279601
0.8761206982352382 0.717063784850927 6.344738447602599
0.1815496410837527 0.8406045078540159 5.659289250534966
0.32109357889840107 0.9920883833071457 5.929967494802759
0.6669675415611297 0.5132076972708581 5.889977688222815
0.941284802483357 0.9730682922663499 6.736504557234909
0.3373307903460787 0.851978555494524 5.861550187592211
0.16912814877146232 0.4797711539755991 5.1036979525354065
0.7251031227619332 0.8857473180967277 6.36433599963552
0.2704250340211726 0.3283599071067036 4.972675781493112
0.17460318090153415 0.5867177197239817 5.32138742311521
0.8649576378372723 0.5099848879513484 6.083468273005039
0.01277791590958366 0.8329276097936547 5.439725514048435
0.416425351102507 0.8022400813849755 5.914412268407704
0.02960098552976742 0.8502515338235805 5.476008453218934
0.44921109641802714 0.6533532280664768 5.796272036018104
0.568016529377776 0.9560008055752168 6.232089306692149
0.8953613133166032 0.6593744518227351 6.293517588258706
0.5846484517712311 0.7942826945544006 6.1068426787851156
0.4948942758053845 0.6599008230364685 5.859930195455083
0.7056052342115904 0.13373524122285296 5.449506877288681
0.81401701661665 0.49324858711893516 6.017633340085226
0.09986463939980061 0.12689055753807876 3.904177244140297
0.1022282609033992 0.7357971615291478 5.447552500789823
0.6467011850491757 0.8098007543473714 6.1945809536238094
0.766593441544812 0.7769265614454209 6.296588754822425
0.0711911332927534 0.3734639645229181 4.630604895272899
0.5331166876762028 0.2974918593928324 5.4209129940201715
0.3427810161550926 0.842126675362694 5.860118987206972
0.4137901675511816 0.2571711771316939 5.130393599211925
0.7491251215761658 0.6950673085440163 6.186848895601601
0.9573093447150435 0.09541239945703517 5.619207312000229
0.33395903475000965 0.5732641107287406 5.537791206770658
0.4763653087147188 0.39573009283420035 5.481452135624916
0.9540539796287775 0.278654136404769 5.855878489418918
0.9125851428375646 0.15912503325156713 5.681188934577661
0.6573663820454728 0.8251866139400327 6.222444346459098
0.9610087202485817 0.3520864780786561 5.955028530985328
0.11572162424222088 0.021854660765132983 3.571132557268254
0.8192227306371073 0.2852234430834153 5.769591242110751
0.6319770341685155 0.05647496329503576 5.219920204047584
0.5454753481844672 0.8695110432056701 6.130629812877539
0.11059329462218226 0.833434446544282 5.564189156078624
0.4373979785876284 0.022628382083353493 4.7026167379473005
0.40551933902076165 0.5661520719773082 5.628023092744126
0.02476769593337258 0.6606737326744704 5.223678111778544
0.4667978798551523 0.367810306960768 5.422261111259809
0.880121481681321 0.35589839205357865 5.906478319207083
0.5893304087575676 0.978963067171588 6.278653902653582
0.33044729098884495 0.5484993746605732 5.495280467208223
0.03797612893618285 0.10771540649909572 3.6005966572547137
0.10017015672474217 0.712437791353684 5.413240981030984
0.26754884724727857 0.7063540349813349 5.628403402591573
0.4503873936983045 0.596535318186529 5.728035352721607
0.4272887294262878 0.5356470932576513 5.6156346859999795
0.5828558994753523 0.4500339570341032 5.71000933908584
0.985110596973455 0.5851755956037591 6.278119709012579
0.2605660318683527 0.9285982040233122 5.818983668306148
0.8332963235635358 0.47764586062425196 6.016488641467035
0.679219116992855 0.01810544749078813 5.246027801363182
0.6516082753264776 0.6254198653410635 6.0033966224683
0.5140269521436444 0.7619840714654427 5.992016145859589
0.6603974061726785 0.4355064158193892 5.787515871428026
0.8810473999793421 0.7549568840835457 6.395619946261618
0.3695994924222413 0.07341953535911183 4.624730422888114
0.2640276995982337 0.7245296162958291 5.645603030796521
0.104325187590244 0.047111539717609396 3.622148476684131
0.778617682598562 0.3586013413832505 5.821584549847181
0.5449888179457587 0.07724009787515385 5.079117716595068
0.29459020079475384 0.07732584884337412 4.406337693104551
0.17224672366103255 0.3812398495223689 4.8828790212364686
0.3905686162688292 0.18514109610315244 4.933258795358851
0.9355435417761051 0.30681139175705807 5.882008774809227
0.35693591782281375 0.36037825658647027 5.214924257398092
0.5669400461458475 0.8339983306125649 6.124110690301011
0.5795630478527796 0.23115470423187345 5.396000438810371
0.2644865778846305 0.8656223806423059 5.782234467169274
0.33468881259738215 0.1349846888089794 4.675038596131671
0.4074385020941953 0.036495492908830585 4.647750331839637
0.033797532133238994 0.5963450545722168 5.1141831287368875
0.47646238671939567 0.6434036865981766 5.818283095973832
0.8137383886152625 0.4875666556596948 6.010581136168063
0.028930293681417085 0.5318785233506144 4.962226787226381
0.07566148387209082 0.6299810041156588 5.245778011590097
0.2973998432564946 0.6319583724379908 5.570863566237595
0.5315395934654729 0.8900387914360194 6.131377050169688
0.18981558510846752 0.010530397427376603 3.8280588403942652
0.3357655282532468 0.33136664150744144 5.116621134020058
0.5905033894617712 0.9801432181285429 6.281168331894076
0.48246853861085326 0.148849256382804 5.071918914090301
0.5611656195868276 0.9988792330918507 6.256723857817154
0.3651574658344149 0.6886566676174009 5.732396750129303
0.28501129268754133 0.47746324281559505 5.304302645272354
0.5064381631614239 0.6163050010735113 5.823031657265765
0.3229306516958279 0.3798035015726543 5.187755211433916
0.47181347375093363 0.306723421376614 5.330728721490613
0.32209489358787247 0.9770696052919251 5.9241928417880505
0.4603683494742822 0.7281469055680435 5.893464500553697
0.6407920530595048 0.6681004723613233 6.038911970359377
0.2829199542719678 0.3669242876096158 5.083076103845693
0.8488004185502865 0.5515934353619348 6.119424144652795
0.005832788820775314 0.8788371483858419 5.467066799044635
0.27789486830925136 0.2716480493593193 4.858580815985199
0.0962394113574685 0.25506330337047456 4.333054042286682
0.2511638682260694 0.16471665418295567 4.514569336124044
0.19341551467440132 0.9391664585297171 5.738607045304483
0.5676498128008397 0.14764033085913963 5.2438833767191655
0.8823643223521686 0.12131804901457943 5.615157702448628
0.3469103831973941 0.4398894438979116 5.3421167577193405
0.3926223532084394 0.07424505038481599 4.692574394881879
0.2751736795994534 0.6414247772723766 5.553558862391251
0.7380484798927069 0.4872007424885272 5.935883121355037
0.0021888360469902723 0.8571833863852083 5.446782026373338
0.11536159764871778 0.2509567065805719 4.375148724685056
0.4409547458998109 0.3912116003199759 5.4174101781879935
0.9391293214675784 0.1739704802491583 5.713613030502471
0.014606996810148654 0.7785751582990182 5.384952141392307
0.4491284587902542 0.6262688212218582 5.763571912410111
0.16468704880725726 0.4400613518947285 5.00711984559449
0.7355848533323466 0.2853506432366262 5.685460869133006
0.6241836218771081 0.17454533697152053 5.384546684497403
0.11664912675918948 0.2720655417426373 4.44442595370436
0.8366121505220988 0.7242130275535956 6.3123625901045
0.16932580418459786 0.006066276043205643 3.7308834481163426
0.48518609957814174 0.07968935202976779 4.946349825396165
0.437667959103045 0.3515026113887656 5.346012513833671
0.16905894614189787 0.5651876227161016 5.273895235556309
0.6287314907291058 0.10641790677229834 5.290416271579603
0.0978103955156534 0.6750062950123075 5.3544026890344885
0.4834257199384904 0.1036554164088157 4.988519359344778
0.09373049930500255 0.0669464627166082 3.6565326242046168
0.645804205299164 0.43608099768892117 5.770843532170132
0.9789313665548233 0.3993596516068403 6.02733629975134
0.8989109480346983 0.23767598140396595 5.772103684825362
0.9694431115196841 0.41601762777223616 6.0435866549055035
0.9011505997589528 0.86167517509026 6.547759654561436
0.13953664617505157 0.32511068361353523 4.659623230195553
0.9950068638149535 0.28160563204104205 5.878233990805227
0.5611097364267948 0.5870290274551017 5.854579705671185
0.23082812646945794 0.3712002441361304 4.9848290404089735
0.6650888070693789 0.4279931345186889 5.783666416611032
0.6316660691147037 0.21580638894612159 5.456182854437746
0.3230827164914094 0.9882943326094243 5.930883442963255
0.5801062962698432 0.7517465895424936 6.058871039439532
0.7906298439819441 0.8348370757287807 6.387775501327707
0.15392926144223673 0.583929827621322 5.2840639364897815
0.37602546617922916 0.10730590707771592 4.723065425087194
0.2045105019818998 0.5301437450178533 5.2666414350671324
0.5691459936574603 0.7800353366132661 6.0746562591626185
0.2818158171408637 0.8426543569623319 5.78550963458272
0.8215156708392691 0.46813240178345394 5.994416840868393
0.5802335954465138 0.3278934043793099 5.539402770167215
0.5551001812457302 0.0998791643261725 5.13968996295886
0.007139480952971344 0.3410035925619338 4.367422894907937
0.05884179610836193 0.4309574780142845 4.764142830378896
0.2836625219076656 0.38798852135714323 5.128438296472097
0.6574071355098771 0.17971295726586534 5.44374014440886
0.3495936022162702 0.2972491477152559 5.075700075437241
0.3581055050722789 0.154778255276515 4.785017389835291
0.30517247634605404 0.9523728330235727 5.889349949655847
0.397626347553909 0.07376914147274194 4.705519052552338
0.7117117584165973 0.2329021050817225 5.589832661412843
0.8170532052050213 0.28331167606641294 5.765290408676767
0.1812456529672679 0.3384640765160474 4.795582847527699
0.7626902763029726 0.657016424847437 6.158276700483009
0.4267465827377961 0.35988693000040817 5.341182248518743
0.9623820583757607 0.2853723061988275 5.868772935778554
0.17837929732054836 0.49380120327410537 5.15004763549012
0.5294444452261832 0.012546893662806702 4.92584560985461
0.6325116970534307 0.014425167771474512 5.1554999772670005
0.9090073191913343 0.8224380213742396 6.50854509037401
0.5819693030346339 0.20903493033121712 5.366307562426448
0.8437529215012506 0.7293123439850618 6.325816763632648
0.6443968763461007 0.0722383294640625 5.2662271610009315
0.22689427089372116 0.6726408938358086 5.530832411918967
0.37252521164562546 0.8747191998334132 5.922918990563935
0.6338148717674278 0.3368759855186805 5.626890683449711
0.247585535489104 0.022604666578454835 4.086125354995731
0.8054252688860116 0.3887822122080269 5.883882759068151
0.8099354014678558 0.6405862773254828 6.187597329704358
0.25909643039070984 0.5576246020019019 5.402262482638515
0.08100157038965383 0.948203250433533 5.597458075906187
0.4505398938163725 0.97919301216713 6.095214012591849
0.08078625108838422 0.5859286831154866 5.170291803499573
0.4258811407018066 0.8624381508254436 5.978706013780671
0.5590999516091496 0.8900199815130291 6.16530886806984
0.7846137622799209 0.12882421748786044 5.539914676067175
0.09763241302425407 0.8781306500619811 5.582516994867508
0.04135033261618981 0.8135164038046455 5.457757852710912
0.013106510341023725 0.6620436843228983 5.20862885376459
0.4630670378709216 0.7966631783177655 5.965279273012459
0.8673969469460499 0.323796720066185 5.85706591452356
0.9327968731212407 0.29212268025215393 5.861640790149009
0.8368435195218786 0.9521801271759421 6.575547387737051
0.7737270725776813 0.21630621300455422 5.639690005784699
0.4859350021313391 0.7852898774550027 5.981691543338993
0.7014382005631623 0.14297567393942223 5.45632215016039
0.30916058085139275 0.5554884748305305 5.474543862932236
0.7029543111310543 0.1488490875115528 5.466401212022159
0.6729613415843063 0.3823228554899972 5.735504763491695
0.7816168400715424 0.9542893319597218 6.506675593637006
0.21981242779876464 0.9704427903913674 5.786513464469518
0.6739853469442458 0.941163141012577 6.355333929156532
0.7879618954105633 0.5840467044513242 6.099900788857177
0.300351233678401 0.39072359075664953 5.166235675055446
0.7118976774745259 0.3780560019066842 5.775277679558508
0.21610475073765267 0.06636023182837003 4.110932084906656
0.08906406360551677 0.7267007335556808 5.4178090737454765
0.28630671808519426 0.805621844405853 5.758545223314713
0.7478156063686626 0.9126367888312997 6.420018668395209
0.7368479261039176 0.18960317928062087 5.564013314540183
0.16530682677185937 0.9768022205559047 5.716956285228582
0.2601570173774085 0.9432176768034283 5.826416744356684
0.7976011174418299 0.2257908352955893 5.675735792645822
0.8377250502035576 0.3432701802215232 5.85701101637413
0.4241682822608803 0.8110227604447235 5.9318814153781165
0.5790014291913609 0.2896828075968437 5.482335653125244
0.6415963708092939 0.30725227068386984 5.59747453788569
0.8950044778837093 0.11874066029923414 5.619941834069743
0.7240417989809671 0.3339861325704754 5.7338244781399155
0.015206345889289818 0.3554736570268099 4.436087233307968
0.6081221273663234 0.713293257841871 6.050910784604065
0.25405975397759806 0.20038869021061256 4.619033478855692
0.4434702491368383 0.728516967962126 5.8734952159915945
0.16993084341998088 0.16546486452934983 4.270266955360663
0.41707018927994366 0.014101143648870273 4.624364957817208
0.7523027748628199 0.9757105280409121 6.490840603114803
0.9863978955060773 0.6503470944384953 6.365964153150059
0.11500371032931345 0.674606134639032 5.378255399991114
0.21895688722907802 0.7858444115672578 5.655530259906842
0.7354214081883639 0.8596500720001091 6.349685291597048
0.1530901864876738 0.13670862134866923 4.122566031097913
0.6674445736660141 0.5535992849452143 5.938326663523496
0.0338500414668268 0.8921600746140724 5.510944015061707
0.6235155401277939 0.974114994608149 6.3196962120099105
0.19065059439790932 0.7608389872104228 5.593109562472953
0.9117897633924408 0.7624669489696753 6.437325638912419
0.0005873863330834173 0.44740247071439343 4.682693337465767
0.5832599117285174 0.1379062378532947 5.257434907474458
0.5384831740826626 0.7216791165312402 5.979315439269864
0.6450545576699053 0.9907425648723525 6.362732367557257
0.9187572657367797 0.11135101021572225 5.6237835366746625
0.3128988040426194 0.6156278473180893 5.569348815177131
0.9269001962820105 0.17930320864189153 5.71447019456462
0.7192749635631263 0.3682601957720676 5.7713237982716805
0.23745454537451072 0.685616585169802 5.562493254044526
0.34858035438828916 0.051789255556416114 4.508094737868019
0.829633372394861 0.020265952991268765 5.446259916625294
0.9064716714684984 0.993827061872011 6.716181788551168
0.036933863351554574 0.9771580361315173 5.5473910555713575
0.6643496281730145 0.8748692540073625 6.2797954070191375
0.6985084219761213 0.6968967713089487 6.134215252907529
0.41299352123509736 0.3619479435252263 5.32051756844437
0.511422499216725 0.03987637549709011 4.933409775281182
0.14115710745734056 0.536934621473177 5.17306672044923
0.8371909847417268 0.49215335238693136 6.0374464130239005
0.10827584417281766 0.700793392725053 5.407829748633649
0.48828495599708654 0.9471202222170175 6.122313696198562
0.8319770098772864 0.8321769407011399 6.432488836363101
0.45637947613410246 0.8439311765272391 6.000173189091443
0.36121668550691133 0.35173111092814857 5.206645148554697
0.6376229964327118 0.07089396931221781 5.25222434115254
0.8618004235174149 0.3980054164980176 5.944028591895132
0.4856557234811054 0.12345759486712382 5.031379973363776
0.4421352857441735 0.4299627745394595 5.480875618335488
0.4780814446676551 0.9022090666358844 6.075132597458557
0.7126724704768292 0.7844434693117757 6.244173622281396
0.9479125186628555 0.12597610535682635 5.6555107046611415
0.15670093785280803 0.29739754463095347 4.6254105772104745
0.7907425052948317 0.9461309527067389 6.509647608967503
0.7643514667935718 0.5745525865562537 6.065248283397686
0.5560236946959928 0.3056364689564207 5.47013165629397
0.962916792953308 0.010648425949763785 5.510141113074249
0.7922247508033231 0.5045822878000878 6.010539954504283
0.8911183918325782 0.17149334281867312 5.683944705567221
0.6243204872545101 0.6758544846166886 6.028902551089381
0.5956187638258822 0.7439386542784223 6.068731385748203
0.5978950867159974 0.7672920628448859 6.095265027731906
0.9173081725649086 0.4618287194323335 6.066467631219146
0.6038668240207602 0.0321107983219312 5.126840350754384
0.4098231357074048 0.5529390158539468 5.615588643004205
0.7126045620091739 0.7581859054877904 6.216110676307746
0.4191679642731352 0.83080304628228 5.943594059231617
0.8166614834396824 0.27696061869478716 5.757093739116546
