0.7581650146519636 0.5653533241565043 -1.714149919109204
0.2996750474579064 0.0016802388984161754 -0.13739524971983183
0.39522628483707545 0.6561731071320714 -0.18705956021789127
0.09024484609894168 0.2980298050945419 -0.4388559675978376
0.6952764684484795 0.7324579339156887 -0.9083693301880735
0.4052594748916494 0.6393063423668912 -0.2586644886856546
0.6942302851532279 0.8717746262470603 -0.28800549340864423
0.35983100951246805 0.3995351949468072 -0.6219773012900698
0.4864366588105449 0.10858480595427156 -0.75619594307511
0.9900656084985116 0.8050570995339922 -2.180019865533321
0.9541631535281117 0.5375730545955758 -2.839465054353137
0.72959020629345 0.5573944919742186 -1.5934054142431415
0.5152411761845928 0.595976347924303 -0.6593483723692755
0.5412370312450909 0.3874870893177813 -1.080031898540227
0.5186042151330922 0.6485343972624912 -0.5224179070333896
0.12591100826419355 0.5063776101313325 -0.27482377046463746
0.5814585758389005 0.7862199838170449 -0.22849417791533266
0.6396300490187347 0.8250150855519924 -0.2795025306082022
0.5964738522069482 0.6642379245974295 -0.7381713964937882
0.2957455219318199 0.8621132803362116 0.8028137518540488
0.12394318833486984 0.34263485286951467 -0.4414425575047928
0.3292800799173349 0.04132345541136684 -0.28100219821889333
0.11086724556651262 0.22496167310409898 -0.40962348514914443
0.11486509826436364 0.29149873894041545 -0.44210988486353364
0.0014161245968918879 0.7366832223704842 0.3794467264525574
0.34059591845509674 0.3066655222754032 -0.6256044231216029
0.6992250843553279 0.3580969442131142 -1.715209546115339
0.013926961116248138 0.07101833739202534 -0.17617068389678234
0.44635883062528325 0.7503094793607363 0.03178969411736343
0.6829885705757655 0.013494391595673338 -1.2537890855949967
0.48935644880934914 0.5230866315957954 -0.74673071464551
0.4643667212832363 0.33789643453968665 -0.8782591587728668
0.6420635147284621 0.24195615737895237 -1.4563795845950844
0.10493279328570992 0.22363187357725445 -0.40746852451147825
0.272936766516113 0.9402482580574398 1.2437715210853826
0.5580932870990659 0.2064516034514421 -1.1131323127378456
0.5423906575036358 0.6431700488468064 -0.6138617864790559
0.40993186056523256 0.009170087084977796 -0.34294775974532354
0.08227037207315557 0.4230038186579622 -0.3823124730985311
0.11838939238019874 0.8523732318518884 0.8737309850639146
0.3613798690321335 0.22055035504347353 -0.6229183630935338
0.8084215738943741 0.9874986163449971 -0.20252588944791805
0.7695904441627818 0.6337199237004966 -1.5936090291802294
0.12458810814436683 0.7580726544483307 0.4529124513606684
0.022338368050796586 0.6928224158898371 0.2200463553836005
0.1327593617389783 0.6950408922853778 0.21508329028974815
0.32883517560528763 0.8537119425142965 0.7169884165222538
0.9234813066059548 0.05882295609507737 -2.607824353243503
0.514670484508052 0.12691999455341163 -0.8701173934668618
0.5387873485621644 0.5870746480664494 -0.7556252648368827
0.5503328587613224 0.4780475702925172 -1.0108674926782966
0.8019812042132816 0.40959137928473466 -2.183979743689701
0.40653727733699374 0.9147296441407983 0.89355815511338
0.7803300212622603 0.3990321176631638 -2.0814123471547163
0.6443831527683339 0.883234255381577 -0.014476664631327463
0.17812262943246793 0.7947704694733981 0.5872541884790623
0.8392743581560413 0.13447513201001726 -2.2850918627879047
0.6348755021470387 0.04926711928869232 -1.1400871757243083
0.36910817979410393 0.2157361301553029 -0.6324614117227285
0.3730995650661063 0.48510081320572385 -0.5443675475209562
0.2249423046938902 0.5464686766039796 -0.24487628248614302
0.6179178478004745 0.5977348184813903 -1.0115025513349694
0.34279334599940803 0.2755739590952466 -0.623457604673406
0.9163994650361881 0.7619134096143818 -1.939417463479976
0.3228263301231553 0.5987167278172739 -0.22696661411870056
0.18719851671057475 0.1157409392347174 -0.2982797903418002
0.24460797315804172 0.9463796296342735 1.3059871048937657
0.1824313877618179 0.4898617165065725 -0.3237753150187843
0.5867233671466996 0.14038142299556577 -1.1321865636764317
0.04276420686388516 0.6323559747482042 0.02839272809701021
0.5242018204209382 0.35264042897340075 -1.044276678048114
0.4877617117595189 0.44679616477137896 -0.8616190268535007
0.03613485378330483 0.7013947034794996 0.24962150263760496
0.40521543891464706 0.2986646393405322 -0.7425800326461426
0.5493833291643552 0.22815731123509286 -1.1021423672029633
0.20837559886676693 0.7343011349055204 0.32333903644081907
0.2674989513788435 0.5577226643514079 -0.25804748174028025
0.9791123716611372 0.40701767418446966 -3.173068305521184
0.1072674035433282 0.34833538907593076 -0.4360948523849204
0.8981812879050265 0.5037340559796889 -2.5838513970057537
0.8297431584631553 0.2618887510993365 -2.3633510621338147
0.6181371302572662 0.16083732667880712 -1.280428683031045
0.34453647345624716 0.804839864249846 0.465054283533755
0.42338133709216175 0.7504274869040268 0.08594713249921604
0.6551118875921942 0.9438720446924544 0.2696278016034368
0.47558678932104337 0.40196998436843123 -0.8739498287423418
0.976379697301043 0.40058788268476353 -3.162605913888192
0.5682493412810498 0.8928841010875666 0.3256412478359656
0.2612029973637954 0.0009338800506139 -0.09247402986779832
0.347903083518722 0.38302957743478594 -0.6140279480527526
0.4917043953332355 0.7659700283162627 -0.024512786960486643
0.09120825006835076 0.6789240504860786 0.16903296401545242
0.5049538062298368 0.07822585675756955 -0.7497184041000369
0.3184914701525656 0.9831771394590062 1.4394319311615424
0.9659133878042651 0.6396124639033897 -2.6524698750614597
0.46220492882030906 0.1957725303713005 -0.8160443179109758
0.4574619694262655 0.6599846550728803 -0.3160996536695977
0.22634851928613642 0.2696023897750338 -0.4874506357514642
0.6056457404038477 0.5262517847073316 -1.1255826095669026
0.11120025665447464 0.16572514147641126 -0.347970538207412
0.9358874140454305 0.9455423461614343 -1.1539185691650875
0.6371401832561457 0.0781997349130863 -1.2136839293612627
0.6124681656192167 0.8666576510471415 0.02882103965687577
0.08899469631984736 0.2775182726094263 -0.43438358109238784
0.508441264125359 0.5439635307097553 -0.7601040438759277
0.4793728479782473 0.4039604971751324 -0.8825425868737874
0.32459288585816004 0.8039537919498182 0.49130364049732345
0.1515160228668524 0.7941407218927518 0.5957275078349475
0.9091144139054773 0.8892773541099909 -1.308332613318615
0.34195058321612615 0.14096934883001755 -0.4975470532558445
0.4321970716766482 0.3255238016512283 -0.8016789890295478
0.4514908282208445 0.6530543925958875 -0.3226856223342156
0.06390504601430635 0.9915466552778672 1.646445516387831
0.19021681439865679 0.27892354656760643 -0.46701533466257905
0.023443536993770442 0.06013644549706754 -0.15218213748861625
0.8523275815571919 0.6005781715801742 -2.1192939420344725
0.8116787390382049 0.011424857191327464 -1.8742284187689922
0.9664082878254695 0.8927393563157482 -1.6186284110622822
0.7374984303569783 0.3606537586692804 -1.893143230460388
0.6205433039602075 0.8078310787402803 -0.28118905371444036
0.8151667644334962 0.4033097393739552 -2.2585096662602333
0.16570513762550187 0.6788329794835222 0.14872829357567885
0.43311797949130637 0.9051985488045434 0.7834813676539438
0.8832537212806839 0.7332534649250991 -1.8651987120617566
0.5623335470440417 0.1066596956443785 -0.9888291444553994
0.23033482022865492 0.10326525710266166 -0.3038704995376772
0.974985359485318 0.9013025660411381 -1.6230934987849301
0.31326517488199646 0.8554574801048169 0.7474758946413189
0.5794318308821308 0.571384437058506 -0.9321484594503252
0.43272980669397487 0.41152953089515787 -0.7584702059390893
0.141101516109448 0.2855969311865699 -0.4477704581846844
0.19426062203887628 0.9269561938083669 1.2327486385301052
0.7841721965294872 0.1626842899845795 -2.0366353436440328
0.5043800186356218 0.9375222665854986 0.7736681492807564
0.3323747025732593 0.3254931582327023 -0.6121991615092076
0.7265295813268505 0.8225666411088173 -0.6746874493767512
0.7960420879347 0.5691417998882042 -1.8971816411568714
0.777038364467358 0.26888353650303964 -2.091473422249889
0.0988187084936476 0.06951318330618794 -0.17821287719631035
0.5540960741472322 0.45408645687911653 -1.056900338811157
0.5979713582050316 0.4570133310813609 -1.2091147436618837
0.7127439768372076 0.8950847477072059 -0.25259009396084053
0.3035521194457035 0.0432232781816152 -0.25022434921021486
0.6895754525992828 0.5150802269335146 -1.4944474311555684
0.6694616246468535 0.697248695968105 -0.9223126437432347
0.889910294473969 0.42623215951241344 -2.6447101387671657
0.4379501150106079 0.1288137103878384 -0.6665206780243318
0.8456098325080622 0.7162366891227941 -1.7212191326740411
0.5605055342231023 0.825042571639481 0.017907218934835267
0.7577037016655815 0.42256188976713016 -1.9468489618784623
0.07550408548160159 0.9754048662509823 1.5478300184246208
0.0688379716526295 0.32746004973232 -0.43617960214193024
0.48436423229839465 0.9928625241821721 1.156507319661746
0.02995279219499103 0.9229990974741693 1.249122002154814
0.6076464335137716 0.6801195694111821 -0.7287449545612517
0.35582568168391326 0.9947123292965773 1.4525306599895162
0.18345335173766664 0.29763641929848605 -0.46726381716614374
0.07460376568868066 0.8168453755367009 0.713078138368092
0.047592530085537876 0.42890196721154006 -0.3737298278178953
0.9456885696814721 0.32571058175736023 -3.020494060590351
0.6146096604603182 0.1952118801025704 -1.3078652457349356
0.8567656733761125 0.5821679734426747 -2.189996536276397
0.07020074960434275 0.9992463993191621 1.6933940975327744
0.6480644883046701 0.8284832526006621 -0.2981315235371853
0.36022337586369246 0.8501687993733207 0.649789840782037
0.08242288917800189 0.14561009778676648 -0.31541174717457476
0.34239497360319093 0.7213950373809733 0.1289852035712551
0.2827645294190636 0.015591902901445187 -0.15515407534446093
0.7260826190752002 0.5031959684702733 -1.683677093889986
0.0086832816557606 0.5158830851856905 -0.24686731026158593
0.008155563394022125 0.41486573862296616 -0.3871160866662422
0.13405638387951002 0.5039174181453413 -0.28130777156034936
0.7215390453028856 0.02518607087542213 -1.4603902184030961
0.23384841912382293 0.26171999519862255 -0.49007607333287345
0.4052853392128811 0.13934589148125276 -0.6106581208315148
0.2948115965765381 0.83608449506411 0.6779231807906942
0.6324401358572039 0.6762776886741622 -0.8387305828052081
0.07345830901994499 0.25767224872146277 -0.42491947135451763
0.9895639841765056 0.5688136339746694 -2.9761855653023055
0.9501311513931326 0.9835184556335927 -1.0124252415692472
0.8847425723832841 0.21097240500301784 -2.6303062303018954
0.7961955122717651 0.3557719371903998 -2.1886092284856513
0.3387991945319395 0.6667177201075798 -0.0538504975874492
0.48381978028093675 0.03320978028848309 -0.5859903739479587
0.9181195712284717 0.5431349363469642 -2.6214449320568907
0.8876024595317229 0.2211513606265506 -2.655005241842482
0.32511197745730125 0.9909793944350295 1.4775282909595235
0.5203767669416086 0.9576938169053076 0.841107524778046
0.34022506186502033 0.976329418818859 1.3662039899473677
0.7765225051430757 0.6165599806982315 -1.6770408295629486
0.7551655566587959 0.24736535740307442 -1.9719321798625218
0.11632199293645629 0.38884475138077623 -0.4169620768405641
0.197846087527781 0.3932444428641385 -0.44567271780296003
0.7142937116337972 0.2327892711545302 -1.76679717650753
0.3430752982918739 0.5560737358654457 -0.3595555669430801
0.9977024761570177 0.31566826163261064 -3.322136533232438
0.1228109542000575 0.6044877429435342 -0.058324878939774116
0.32435637939108575 0.5047482031822829 -0.4326504475422488
0.48021531129167483 0.5458626718702949 -0.6756449227037153
0.677842701931471 0.11206285249532744 -1.4514394023389485
0.06823606451015063 0.9045120761791734 1.1472257252040996
0.07775325085973572 0.8818093161990063 1.02745805915327
0.023163270103009337 0.6355608050792928 0.038077414766156004
0.7528834327850599 0.6321208888578893 -1.5152775367108202
0.87059127641482 0.6972740034184589 -1.9256931676579596
0.30713646516393844 0.8697936449443108 0.826774731382597
0.08613076749029736 0.5927034948670384 -0.08227771742131029
0.6278385081591239 0.5407521221668129 -1.1830458908903596
0.01180014624360648 0.8532611142510702 0.8871047873028264
0.030693819044600112 0.7712479071085188 0.5170457196160743
0.011500681239997257 0.6906641928399279 0.21270811085920527
0.6922860886401395 0.5041151720864487 -1.5261797876525696
0.19543636210576543 0.036578009080038165 -0.13546251044707439
0.45425203896726785 0.706791829116446 -0.15119323881217772
0.09222807631441587 0.3325422739789765 -0.43782897078214
0.870126681931357 0.9448960720651239 -0.786595454464778
0.1800939039511481 0.5416629323021861 -0.22718982063641913
0.08972423303098997 0.34640285956437045 -0.43395227643712475
0.8608584793990763 0.39183637906984214 -2.513747403321412
0.3455046405937725 0.4573817591999968 -0.5371682128967046
0.9684243765961413 0.22001901208051244 -3.115256682656807
0.9700379960151407 0.0016044831176531549 -2.7308550135833656
0.005311281265207191 0.4031974652632029 -0.3973968874654049
0.6812021731478217 0.5037033264617587 -1.4775813703332172
0.41282010780395806 0.5823222321145965 -0.4283781759540386
0.5253968975462768 0.1614186605450859 -0.9549258785158288
0.307364642257142 0.2032244213530091 -0.5257131628206442
0.21903312683769427 0.17774266341959188 -0.4097863403092249
0.6973812206647443 0.4972703243095803 -1.5608339058791612
0.006741204199078421 0.958041175536069 1.4477759607815615
0.7893538898484289 0.6353757141687928 -1.6891456521616326
0.4951456849316076 0.4824173377816414 -0.8332743404447851
0.41745971455692 0.999547084391599 1.3633081698809044
0.5518791068588 0.8408452664867698 0.12134050939700103
0.6990440439480369 0.14583857430724056 -1.6014044220383745
0.6009354133293534 0.8840116906432695 0.16093296707428673
0.5367063921493443 0.7438705534026467 -0.24884653380664035
0.7014091421090392 0.12977633789179577 -1.5871101058276231
0.9190765759520395 0.8109113548044313 -1.745047679848935
0.7647764532052843 0.7160698022072501 -1.2999056129489035
0.7263157996347908 0.21775172462311665 -1.8115936737553082
0.6637981258814937 0.8163636003607422 -0.4201819786377463
0.6359197363497049 0.7197814744028697 -0.7012940989112915
0.07263902227666352 0.8928468565832294 1.0851763391334917
0.23470441417366816 0.9704912500396481 1.4547762066666765
0.5166485341972948 0.6222750770399975 -0.5930882258732972
0.25983037048092905 0.5281086810990377 -0.31218345297024275
0.8310847537216723 0.13645358277650466 -2.2441660089994846
0.281210507934878 0.6983703700049633 0.12846344608794746
0.010307717756674162 0.11069071401766684 -0.2548043648219342
0.8329297174239068 0.1457700408476803 -2.268316400620587
0.4985614360016599 0.325430855740926 -0.9742199742385067
0.08660392516384219 0.9419654608736752 1.3517376364189686
0.10034235683667014 0.607245753362039 -0.04649056950514452
0.37408681491524665 0.6287753371171908 -0.22829633791994786
0.7429984028810588 0.17060897811845188 -1.8419154663335258
0.8693885504332715 0.675977685349975 -1.9910141592636177
0.2821831392159896 0.6892404275167243 0.09592690327881304
0.11979333675681714 0.33196209651927944 -0.44297261480809946
0.9638609804535379 0.15382064549799723 -3.0148867399145054
0.04676941299549098 0.50449660229114 -0.26784426708628795
0.4433244958564534 0.7708477236092056 0.12222052507055503
0.6672653995693294 0.17338789189495118 -1.498453704564278
0.9820691751381374 0.3482506316912424 -3.225382860744122
0.5113989605732236 0.048346173310644835 -0.7022233587524995
0.24114003373289572 0.8868054268619164 0.9843305990399545
0.5603047309857395 0.6841429520194856 -0.5437830010717934
0.3603405339215915 0.36850094947825407 -0.6432144029340101
0.8819663896181288 0.04007235370897633 -2.329356423829406
0.12425239070644156 0.5141131452895714 -0.2605461999021601
0.46609431612686136 0.5640196620153354 -0.59814367171477
0.18418114586126388 0.31155608677105395 -0.4684554321598095
0.4169128996831496 0.8388042889802964 0.48482556984067804
0.4136188312789907 0.6609421635574665 -0.2103791815836129
0.22521935149287975 0.10954721628116348 -0.3115271651776408
0.2540347398051789 0.43777169626862633 -0.4463691466136488
0.09056481142943873 0.10146935803600887 -0.24189527942905825
0.5993300747720475 0.7875048385704814 -0.2887201570831661
0.8861455435881423 0.41251593453529045 -2.636999269842602
0.06232133168551368 0.3726362185374251 -0.4198816905442384
0.16050236772075932 0.5802705614663142 -0.13160166390435513
0.43977378989309845 0.2732944465699061 -0.8139542459831886
0.18696678759893015 0.61976280523528 -0.041222629681819
0.733347291874461 0.6116231036185339 -1.4778925826312845
0.4414346607230316 0.28992176186351626 -0.8223315676015258
0.14540638447024945 0.5647956071210404 -0.16248908271235973
0.7401699809689917 0.1546781001556473 -1.8069439643429304
0.8210138832374676 0.2893969893263958 -2.325595250228782
0.887280739677401 0.9243590365993223 -0.9972936907724552
0.1210813105137386 0.8965501751846315 1.097097015816351
0.07486447452390099 0.6576561864526359 0.10252260802152446
0.6761381003385173 0.5824910392843436 -1.2908600640650338
0.7563322268435883 0.8796707993176384 -0.5413003057250045
0.35046423826584305 0.16171955910311286 -0.5410416576652319
0.6195478681583496 0.14382210455377942 -1.261635651896389
0.5222451089354031 0.42040439559084986 -0.9922156373866011
0.3590355328664011 0.7504192432035198 0.21266007102665352
0.49303984298376735 0.3280307311459477 -0.9580435929309592
0.7892834268907762 0.29091591386777516 -2.160112334510279
0.7717991029231115 0.9755767330716061 -0.08623590510041845
0.19101773811026812 0.47691153819352805 -0.3484155130474125
0.8507081230739085 0.2097254146646137 -2.4412653807198854
0.09582035177492743 0.5751615181491133 -0.12666201962066848
0.13756148214709796 0.7238910204264076 0.3171275657289252
0.9667593729887826 0.595215865885856 -2.779749603194585
0.5314860668234221 0.5291647483875909 -0.8609615198423513
0.824556092392628 0.133152944591322 -2.20404383841948
0.759147432739205 0.8190358854974764 -0.8489443369544873
0.20203899947778092 0.0782630147222424 -0.23457502205990446
0.019550397314866075 0.3310060754000823 -0.43381732925827254
0.9722572880400658 0.0857979805575122 -2.94632292163722
0.8736809588053649 0.9956438033888128 -0.5052247541893515
0.7469645085662514 0.7408467648683866 -1.119000342075948
0.20285258982618037 0.370106266132887 -0.4633970450593641
0.8707384122710877 0.23912009867466255 -2.574233253673178
0.7324697597181942 0.9510117513802921 -0.03745403049613438
0.5298352037114169 0.6935675152906811 -0.41146939987345865
0.29832809757375167 0.6699607877724927 0.012897707777173473
0.47499594062669614 0.4525998269003977 -0.8194265276792518
0.47493486646770444 0.24730953297876102 -0.8910305724705414
0.9092632759620575 0.9044866578544234 -1.2289934387298431
0.4416934444419328 0.5479192272839868 -0.5726201464991232
0.1449996276875135 0.402089321269979 -0.4147088544481933
0.9161467469740723 0.42044901329418305 -2.7986865136521404
0.07437565218289843 0.5907831424474846 -0.08587908644876974
0.37220139618208026 0.7997847339737989 0.39564626245058543
0.6022811825269563 0.5798969230126174 -0.9960047121008022
0.9060740548909972 0.38600325860988305 -2.7701256279725746
0.2711880919799661 0.32233153426158956 -0.5349792501692705
0.20806555682750327 0.3484802735753938 -0.47607957684705804
0.6126387150580676 0.5306691155411783 -1.14375582065631
0.984007717948452 0.010146617122843371 -2.835215532519108
0.6131771719749443 0.9557975320061625 0.507529606954547
0.24414338780108003 0.5191897712844568 -0.31482091353973773
0.9495206330221387 0.4798580171250504 -2.915362617662154
0.21395217396867772 0.7155887673487935 0.24992699395475082
0.9227809174767417 0.9597184290847864 -0.9971407870752245
0.7867179635472078 0.03247870492806826 -1.799428584702986
0.22523865350707506 0.06744593569612278 -0.22719043122326366
0.02838790268349889 0.18192015438392495 -0.3605799942143609
0.1387575152049183 0.40175728465737504 -0.4130004499417065
0.04355317017290894 0.275240152436966 -0.4302340228334627
0.7218088616909962 0.3908635662130142 -1.800925985951057
0.776530496073203 0.9757780621985452 -0.10890711993048097
0.47814899421736334 0.7446798466135045 -0.07209563891118842
0.13408041366660373 0.8823294238103656 1.0197077840480184
0.5841905975636713 0.16808748942356044 -1.1620947340019385
0.8531564611911017 0.16266934531466648 -2.401722391610636
0.4207730728020055 0.4268163883979227 -0.7164930486962096
0.2744191449423502 0.3047042583578653 -0.538784172761745
0.5350529081715799 0.04680664009074309 -0.7719436434760177
0.12879574500793867 0.34879599051514154 -0.44075862486522654
0.33876002286083706 0.16106310444635863 -0.5215273907683387
0.7008197547838491 0.2353516455169179 -1.706567863887655
0.05950952275616994 0.5780392090166231 -0.11611376995057454
0.6379760316937315 0.21695222267773395 -1.4213011164826166
0.6058150954950355 0.08024238493829294 -1.0946603326268687
0.4989920906959604 0.9802336506082762 1.0383753402301923
0.9989416773938112 0.3251189204967979 -3.328534307054137
0.671087757073748 0.5394097369800791 -1.3657631105075614
0.4164692344921268 0.35096560688272216 -0.760129079586423
0.38545591298615134 0.8401406728253952 0.5557232470369065
0.8594655036113917 0.0015240517342578475 -2.1041238200539083
0.25872948590113787 0.8738726080130464 0.9021382060223249
0.6869385605596343 0.16909546580389856 -1.5791430443597239
0.8876033176319361 0.9776702604984957 -0.6920725011717845
0.9180697615396864 0.28483602635576666 -2.8603125718459568
0.6963951589012516 0.7970235881233869 -0.6498220046670053
0.5143744724348902 0.5071332394455468 -0.8489791859598258
0.06861394141332944 0.6619608879226105 0.11656521756866223
0.11079759175563142 0.06030551681156093 -0.15994195538712028
0.12518873291038135 0.7038511921728174 0.2478786943837712
0.5759507843335563 0.340257005586426 -1.2207367250776873
0.2509967033429217 0.10476345192751635 -0.32415183282592874
0.8908222148839685 0.1992485755683404 -2.653150826655109
0.9584797839274398 0.8485087263567807 -1.7955619495062511
0.6312387992509325 0.910052430198727 0.18032762993995943
0.7015877302770721 0.6263374090852954 -1.2887401994846408
0.1839003935441612 0.3535404525828145 -0.4602100409385316
0.21711674903171652 0.21193950947579443 -0.44421571692735873
0.25153772367057126 0.11258985232913099 -0.3389056118009539
0.640090865040209 0.8149987313235426 -0.32726051250407706
0.019970118717379193 0.13925069211147256 -0.3026892703748836
0.8451062501062933 0.6487903095951361 -1.9439340135998688
0.5396909827084777 0.8316046518586534 0.11785578126846952
0.6966449610651241 0.8937286036406982 -0.18595659852228108
0.44740532133762334 0.8713917217593563 0.573822864005014
0.9884079135671008 0.2532747982889897 -3.253277760696531
0.6777931572670608 0.24283588914436394 -1.6085364727110392
0.9054708767418346 0.7396778487029267 -1.9654417604813683
0.7337713890002037 0.9009473124189004 -0.32072474701278875
0.6968237803294133 0.9175282416915674 -0.05942177324643172
0.04292907912899535 0.08800576770882729 -0.21201259478645962
0.32092150410927944 0.35831071235215384 -0.5864709850807706
0.8124409569262808 0.35103493581933876 -2.2752202473226415
0.842211701431114 0.7911330572106683 -1.4044761727658504
0.16091610842593462 0.8905979581301412 1.053344205445113
0.018433463352051982 0.3544969448958797 -0.42712106175774656
0.602142560671326 0.13715556385469108 -1.1844149184211124
0.6304687125673545 0.2057339786141663 -1.3809010823412877
0.15221744185484676 0.4629107435137083 -0.3507606210730617
0.363913596599576 0.7626319238737695 0.25319946837739415
0.33784604858630773 0.25390977904599044 -0.6067086417050251
0.8891446227182697 0.39426636247354685 -2.668941130741052
0.052218500258226386 0.9851777283782968 1.6082862770744368
0.881449495446906 0.16675962638841435 -2.563285321369757
0.4739963188972872 0.16603656225316277 -0.8121251758324808
0.06956451726734669 0.18263782034267373 -0.363165905419211
0.30855437042612754 0.40093328250048077 -0.5433451961370606
0.47309318818236235 0.5784420601265702 -0.5828273157873414
0.4686703652505375 0.752050196415526 -0.017793799715594805
0.69882216992102 0.8291917523352453 -0.5154808208898563
0.00028204266997100547 0.17749235855493806 -0.3552126860296606
0.8809814630665944 0.7382522205174463 -1.8334217479150747
0.9575760385015665 0.30192807690393 -3.0895505636061684
0.6512103865097896 0.7743992988005068 -0.549898763612344
0.5348478031203764 0.6204797505901763 -0.6549521168889578
0.0906707216817858 0.4602522638580796 -0.3395891132091855
0.29940204868543496 0.13156850588752356 -0.4228577862174252
0.021431557784664323 0.47299992536995505 -0.31767609076559
0.5349357795376405 0.4486934857083088 -1.0007441149651184
0.8076275494466054 0.40400042476393516 -2.218286911492491
0.9753472562809707 0.6540879973591059 -2.6633063213623247
0.861803030631253 0.11969227514012493 -2.3833782724342756
0.49364488877932344 0.28795924774639425 -0.9586393741456374
0.27826756900531313 0.9610025565901176 1.3574745239735382
0.6846043509025291 0.6974718349699409 -0.9877971159378849
0.46110279084088535 0.6812726468906075 -0.2564904979282414
0.17902059538911896 0.20377311552581123 -0.4140069165276794
0.8355930154424734 0.3285835310539176 -2.4042769269052644
0.19699086203964067 0.0525971010192221 -0.17479283698977946
0.22626110294277157 0.020160155296872095 -0.11420180839234806
0.6117855347813055 0.06736288936681567 -1.0900290159103776
0.795340668031273 0.016734855615226363 -1.8032045196191397
0.9675970762845091 0.342917409822197 -3.143260342501904
0.2675939376720493 0.6912462449285763 0.11843989139476196
0.5880566499430951 0.15252223616893656 -1.1550483249885701
0.24958323494307155 0.29747339077687096 -0.5136383603148607
0.7139384279693097 0.7038595470350983 -1.0986188789552156
0.22731435086084506 0.9751797306311019 1.4885041470536016
0.2068700177317343 0.8273261277910203 0.7175586764936703
0.37182907793939113 0.3261088410860933 -0.6772759247261296
0.11619809585627394 0.16474270775685373 -0.3477198384946435
0.1410577814377738 0.1581991846751164 -0.3454668591150865
0.9887314947183322 0.8068426949277661 -2.164332362815228
0.13576397850904065 0.1810288245806685 -0.37293784068686575
0.2735245635800647 0.27364867392924674 -0.5316984623458149
0.017815699583866085 0.9579624855184455 1.4472870919838274
0.39796811547247823 0.9635821295134362 1.1873484431789971
0.1579334510464323 0.3119835213201414 -0.45659600447328835
0.35667060995512023 0.11545093999669664 -0.4795167985419966
0.16464725775844735 0.359082298629818 -0.4489564217468962
0.6162374749293915 0.13075525732234683 -1.2282612864326605
0.22559392726723526 0.16001049383978605 -0.3918932835977077
0.632165735663164 0.46507798604750294 -1.331010087850783
0.6931705118163856 0.7264117723111277 -0.9216457927574844
0.8856153528488578 0.028633613914406553 -2.3212374751123015
0.5840445807713931 0.38588586492523724 -1.2284556514822507
0.9463258492149241 0.3993489870883148 -2.990081617254254
0.7363822715786434 0.3747619100276488 -1.8805914930862648
0.21090531970628346 0.40746886515156133 -0.4424475312305287
0.3656029600572396 0.07494812030789633 -0.4162018395417793
0.6281504746415866 0.9479634369564182 0.40351611300670553
0.4160363388126809 0.04594568922607356 -0.44992670010279734
0.6335904390419949 0.15475751214104405 -1.3334170435443689
0.643789674672079 0.8369089505186668 -0.24090907555993546
0.9161961216043116 0.6873043787911087 -2.2159174966066186
0.8428712930526724 0.5071312060297034 -2.2720344849866265
0.3620029918758245 0.48698463535104763 -0.5217086424015487
0.2554673047458138 0.17896064260773936 -0.4413183091204222
0.8763932223655861 0.6612874130608613 -2.077107336635917
0.031616890995296854 0.2007717921946952 -0.3809495235825101
0.1166528598569081 0.9878082875259367 1.6164103438612298
0.6589920295584147 0.5684268949249692 -1.2505393069737378
0.49570227495682895 0.8339221846258907 0.2630688852961618
0.17980649732889653 0.39990120180609656 -0.4307643883887309
0.06611012199495336 0.1734186420467131 -0.3518595258472743
0.5173936285771404 0.30412359537049993 -1.0308431404714917
0.8149632555114421 0.493282596262098 -2.14634910736936
0.18556303756492398 0.9821800185233119 1.5573238131800693
0.47031544575945694 0.46599330089235325 -0.7891029808147753
0.8215987303488956 0.20718723345150214 -2.282222116896043
0.7434967719271605 0.5083300518401089 -1.7581371305362032
0.40807400441052255 0.43181338948508075 -0.6837115927194101
0.784990357437248 0.2853814420797065 -2.136973199757618
0.23287928450231132 0.8510581123594951 0.8116641587022979
0.21965127151399955 0.23665445416746256 -0.4653232112407988
0.851323997551618 0.8387222664155559 -1.2381980949410143
0.5392455725030125 0.13817249576022184 -0.9652258302771907
0.8139860912864345 0.0885114618686621 -2.067555706134515
0.9997685192289333 0.9277259926808084 -1.623250362375848
0.9909686965653387 0.10315441662920477 -3.088571308304929
0.42468944565559896 0.07663608276566092 -0.5380800420153553
0.952643135165868 0.47883918378152457 -2.934889969589417
0.6236457914524516 0.8040400071254823 -0.3102995204667083
0.12239763856487618 0.7741436404562982 0.5192561273561123
0.9710456970392255 0.746301027929751 -2.315503162063239
0.7425080869295088 0.488337130191294 -1.7870324331235012
0.924030180941545 0.8107730884477822 -1.7738976248649947
0.6967537092899939 0.9910835336791477 0.3666886207269515
0.4077952227935939 0.8200952508564076 0.4171072674114842
0.2713796863359583 0.730010036001051 0.25389662685112135
0.761853216501078 0.13825416190419437 -1.8888547371550417
0.7345518711089575 0.47220749357590275 -1.7732580541107636
0.7345861495065786 0.44085835776557003 -1.8144519170024396
0.1552972533339576 0.08985150413604925 -0.23529061052209743
0.01172925046426232 0.8556334249234016 0.898705616209361
0.04296849723313201 0.5326098551797062 -0.2152281765637425
0.6305574203044458 0.6187306835050733 -1.0053921958851835
0.6867293278662845 0.15562490547655794 -1.5601781753739483
0.9268081772108515 0.2429894851567368 -2.892351389861325
0.8236450863952198 0.8337770622767796 -1.1123953019553485
0.7990956248302444 0.18109468573321696 -2.1365487593574657
0.9384079816738227 0.7528085288811203 -2.101700568294334
0.05078277745202964 0.5770751514516449 -0.11797993688592334
0.677118430627222 0.005822962979933233 -1.2071547526944835
0.8271009794945557 0.5837921144124313 -2.0255306553947854
0.8001728997950779 0.8675100024176493 -0.8251053963063144
0.8713990297317711 0.6242595156692968 -2.159933700175367
0.8419692526926312 0.07392612635525175 -2.1869036717372943
0.398877670149944 0.33026531111886226 -0.7285784902795003
0.6518113516407523 0.3513847092581365 -1.5109723950491802
0.9471612447435314 0.9642316838722146 -1.110374627791146
0.9195434715782548 0.21192603402027976 -2.8275373438441855
0.9034963792953984 0.18831288480572306 -2.7129383688181683
0.8889792378879505 0.9392486060828591 -0.9236260704874946
0.18241822445654143 0.5477584289199627 -0.2155428363429861
0.13520149742273102 0.16915885662070274 -0.3582437318258287
0.9665997403799663 0.5781237186124782 -2.8212157554538195
0.5925732741535044 0.4535786769885848 -1.1934972150395884
0.721849102681487 0.6138863272838904 -1.4172095525102262
0.989190793153947 0.6737024553032304 -2.681243268317004
0.4815590307154528 0.237153113467912 -0.9026916765488069
0.48723686548761125 0.44453393686119336 -0.8628935661474175
0.8218926699905796 0.16256849630887416 -2.233092454152066
0.07865001572163266 0.6149280972593107 -0.022894952224032483
0.04933456339907061 0.14573157133109027 -0.31315804858651636
0.4645390863156281 0.3016562161372387 -0.8815320649166182
0.39294214751659373 0.4774612405115479 -0.5937882041850656
0.4023370775394943 0.3932256884088513 -0.7069671396851165
0.6061227760100334 0.026103443182537434 -0.970151509576642
0.5934167812398999 0.5090278362857985 -1.1116848589115804
0.44562968883393494 0.14787243248894988 -0.7145545817285601
0.6431657369381895 0.5318705851175399 -1.2631210010000082
0.5953895274178546 0.622111821953232 -0.8600299450920375
0.7260040242786832 0.3920689581848227 -1.8198460236391885
0.3601306865794356 0.6761025577647947 -0.05819113207427473
0.8830854020902108 0.8899167093373314 -1.158606431331394
0.6323099630353072 0.20054500828405852 -1.3832546172952047
0.5099576560009417 0.389036373574584 -0.9812884939330545
0.27806650261611765 0.529564734511695 -0.32817104389428
0.9606599995050505 0.2508531406853868 -3.091390130298471
0.8976862545222886 0.54450652676677 -2.502899634672363
0.9529859015583615 0.7065609345666521 -2.3597497990712437
0.19374372184334598 0.17311001729144615 -0.3879505220165235
0.814458299528233 0.3512819936691979 -2.28576212685967
0.18109667604573865 0.23929738488014962 -0.4436765651641381
0.8065842229490205 0.08456327438761668 -2.0206944880852964
0.7281482573088846 0.8069266141783279 -0.7532543431679102
0.04792973828784619 0.7475281755903841 0.42089047171410154
0.7011028630351805 0.976854064876229 0.260776626577504
0.42253442794099405 0.040963348080068074 -0.4522457819437987
0.4299073977513761 0.11500904650779553 -0.624286354090811
0.7592888214723981 0.9962465593416104 0.10175887039462284
0.789995944290546 0.9357411132212448 -0.4098766819886892
0.45938655184983057 0.3581468811035948 -0.8587381463896969
0.7031907323313306 0.4838754624609565 -1.6088977335546923
0.27374520022207627 0.5936473555261678 -0.17902865040397886
0.2325039303001708 0.9393120105978296 1.275884159709399
0.4855948662839781 0.19361378553185948 -0.8763079053408289
0.3731356616913415 0.540151558804612 -0.44459124072727074
0.5842997562022141 0.1944013929128382 -1.1932462341037264
0.46804085688143393 0.08704880529106618 -0.6651464218449752
0.01291609452790432 0.7459294242018509 0.4152333719928354
0.640850970604403 0.8802783272955644 -0.015150663953530152
0.314959033751814 0.09611306962576116 -0.3802228089672277
0.6586411920907613 0.48960540517402507 -1.4036338251717728
0.6815313214161134 0.3644871878274606 -1.633124883235141
0.35337206875586913 0.3041424993658348 -0.6460494475824519
0.320763156557316 0.038533107666645194 -0.2619286810952057
0.12336763999224143 0.3564074475306118 -0.4365409987278003
0.9795679415715797 0.16355183164736842 -3.1191167495134406
0.7232719028331981 0.2271169065205929 -1.8046887809326884
0.10055226942739548 0.5748316029848469 -0.1281874822706881
0.7084901929827341 0.23256879400887887 -1.7397740887421649
0.6448367389183108 0.9422057636556779 0.3029532445899301
0.8549805222389418 0.13107378515082746 -2.3649886260563586
0.017989310085233745 0.6592166351132567 0.10970953406562045
0.801323635005496 0.7078293326267076 -1.5159650286965847
0.14440576887044576 0.4417241678108318 -0.37499105085861695
0.4892317205540838 0.24228447134361575 -0.9272649355458018
0.936914483948791 0.623748905446725 -2.5312290597212432
0.48792105607193403 0.6132797036808205 -0.5340348627775651
0.5899777783596314 0.05936097669819296 -0.9900670484514578
0.17803542135781913 0.05608938242346018 -0.17270972145104624
0.09504644390861794 0.7286207710103152 0.34411546411181915
0.5172833994824975 0.5327713013896933 -0.8096269896447078
0.8759382200381199 0.20535515862970188 -2.5760557518993976
0.8669785224083597 0.7406195425255334 -1.7466261764280988
0.412860597948533 0.9593126382589551 1.131278659243602
0.3467908158444889 0.45223906733173336 -0.5458819023790042
0.2850564216741367 0.8222158659974418 0.6247739863778272
0.6299121119345541 0.894420161646458 0.10248223702497716
0.030029237051082625 0.488584485019637 -0.29397466267454986
0.2812315204955578 0.7414557858962347 0.28696057688675847
0.8724390691315551 0.9382087249911519 -0.8373416820205888
0.6610471282203607 0.3016986995132305 -1.5568151414593052
0.27223287240934746 0.7503963552702603 0.33172707724769435
0.6397796412454471 0.8270370763365549 -0.2707430558238535
0.33469487923568475 0.5820453403842423 -0.2862983311120102
0.6182865899171137 0.7632248432891384 -0.46280218845017806
0.9101386705364912 0.45870781919102477 -2.720347884423727
0.5511969495360639 0.26842284086670043 -1.1309583926785618
0.2960963044004038 0.1562270129864941 -0.45587967240874966
0.23410438289232904 0.07870422848027314 -0.25820121702651605
0.5608495558606708 0.6942046566489883 -0.5114131261691479
0.6010435603386015 0.0907884279098865 -1.0980028378519056
0.392884909135334 0.39537027297897964 -0.6862521401574587
0.6899435207718881 0.5646388263944029 -1.394065241363183
0.7099671211500959 0.7635876693828024 -0.8530410631667253
0.5917220369138629 0.9429145879636004 0.5145998876200233
0.4299442938517759 0.7275554031328311 -0.017006777751823243
0.5794652299119588 0.8982506810917232 0.31418980913720285
0.3883152472630317 0.6868327853115465 -0.07397772927544333
0.8352498001977967 0.7986817328966791 -1.3340410715433417
0.2533585623924838 0.1678469680011503 -0.4255722718734726
0.017987774607732043 0.3228180095343858 -0.4349722770581867
0.4101199692681634 0.22435140058512437 -0.7197327234181137
0.6421286401292925 0.8243962370867101 -0.29259033298692394
0.3131436286172181 0.042324391757107116 -0.2606599692111954
0.6421245870245268 0.9642358973241819 0.44142294388773173
0.0014519258650484979 0.024802301524325054 -0.06667826828373001
0.33154419783216904 0.34886723848321577 -0.6054750744820241
0.26180418731367405 0.3400073013269288 -0.5222518276902006
0.9883764123178838 0.7115855837430459 -2.5464386880641827
0.8246806912441675 0.27028664557103677 -2.339718747400582
0.8511522655188333 0.8259588516679656 -1.2971356273261159
0.48716627044927907 0.02363449621840319 -0.5709115077643173
0.9671079129475618 0.4005432626744295 -3.108992958926428
0.5205885395387985 0.09667677086653004 -0.8339363235280651
0.6554365908920664 0.5810600550176205 -1.2055512246584195
0.5386599927636234 0.9554320544840799 0.7702581063760507
0.1207842004254579 0.21117699797160294 -0.4002177924088066
0.14012249084032347 0.28479761507556334 -0.4472787980085045
0.6495649171619889 0.39526954424515404 -1.4770288017864073
0.224587487169274 0.5463752364693435 -0.244809008360112
0.530163330745802 0.7408271066531479 -0.2397832938021467
0.13850457710189612 0.9064001175764649 1.1447615420864077
0.6552237750816834 0.22839551109336054 -1.5017932454623604
0.627777150191905 0.561967773497691 -1.1369278931042142
0.638394722875649 0.35838471635919855 -1.4528458225276943
0.5795244339522161 0.5515155765486376 -0.977246037742713
0.8870615428958334 0.5023938979710084 -2.5237448621821366
0.5496607862349268 0.2367054133818416 -1.1091192047176244
0.3672421637311889 0.07966066913399705 -0.4290123245817504
0.4780576361330753 0.9376645383376017 0.848794976277
0.3093748965848272 0.20794949682169928 -0.5328430264300081
0.09416661421505301 0.7049037342904606 0.25765625755611765
0.5860941500795489 0.543452910925579 -1.0181401405298187
0.02357190237438833 0.8687290608482547 0.9635893754597307
0.9471809820779026 0.5907701362712932 -2.678096084558656
0.3658673114938584 0.10952345699769195 -0.4847762824640319
0.13520554464788193 0.6042359766280637 -0.062272054069449245
0.4322490541585927 0.5505803150458393 -0.5446792910819216
0.7958569500800732 0.7011092660616528 -1.5113894634429046
0.7614026961895534 0.1367986081570196 -1.8843424024724473
0.8101469977360009 0.25060690443711553 -2.253857036292183
0.044056404241099356 0.12407752968247421 -0.2786235773083977
0.39422324376466333 0.808752528062603 0.3935505492873985
0.21908879638735457 0.9572848913940314 1.3890643165277132
0.6985366754817246 0.20651076485012743 -1.6727838119700487
0.44247542274357765 0.5630738331949451 -0.541163551500011
0.9414956187478877 0.6362710726406525 -2.521577097628825
0.07276812311395431 0.8677522723697767 0.9566131126537174
0.40954698268015255 0.282294329074697 -0.7486514505284303
0.06321813259611331 0.6800921148299466 0.17568678981516972
0.6991675583685477 0.8417965931816284 -0.4575609464164734
0.38048630163435593 0.8816612657392081 0.7706161504161968
0.2653886011672536 0.0718457139971429 -0.27196565915926973
0.22756889588163942 0.31704567154458385 -0.4959738337745486
0.9876508704076622 0.4069449554518776 -3.22261289360777
0.9964616598832513 0.19946999862966852 -3.2589466183784683
0.7186216913342907 0.2037381963362469 -1.762713625829393
0.19926910282539467 0.7669909642215342 0.45834281786115216
0.16953100428280665 0.08427210544461061 -0.22986857022753132
0.629621409365389 0.9921001858051929 0.6593811217485039
0.5954377939276727 0.9397302172725908 0.48277292558165863
0.6239215543166657 0.9235294989320965 0.2829580938618239
0.24731889280060437 0.4175292903054616 -0.46148434317733844
0.3138103791839463 0.8313095922809927 0.6310589502534469
0.8130426381817837 0.5571970120600159 -2.013049102180884
0.5095002045798543 0.39720121260703445 -0.9738969545330213
0.8118373909566415 0.06044372855166413 -1.9964627693321535
0.2731533060067034 0.7947020058572684 0.5147514687852981
0.8392146584033502 0.2156893285989553 -2.384196858092065
0.0629504964626344 0.2142446980722129 -0.3947329130408028
0.9559630359260897 0.36917915224915276 -3.065452033002652
0.7475886333140831 0.7143901159177546 -1.2212180150937642
0.4288344330097422 0.6083953822752244 -0.3971810471119086
0.21576257253872322 0.22740996261578528 -0.4560022280145119
0.9137184759837667 0.9075771497660513 -1.2377146607755898
0.7382740332126094 0.14377962057971694 -1.7819224648730687
0.38346316158859006 0.008022965072334243 -0.28650957261921933
0.07827787613211379 0.8243820687857172 0.7472832449859603
0.11883041464947408 0.8393981014036807 0.8111826377198867
0.8245051308837958 0.008570698334603666 -1.9343952043862727
0.384968433680105 0.31191148017766224 -0.7027636980679179
0.1886741504498225 0.42152875298945836 -0.41597156643066424
0.49724661125027636 0.14135681119514398 -0.8416793554856532
0.7319906780451969 0.20140134631674445 -1.8236310442045836
0.16187513227628325 0.24016209849556103 -0.4355142940594816
0.7224270897313516 0.6826245998144731 -1.2113567571388428
0.5798796762661167 0.5000618611989949 -1.0779341265885511
0.7990718874886424 0.2314768376821188 -2.1839574625836473
0.658971487374438 0.16575034659867305 -1.4533197527446338
0.6799668464805589 0.8376268969255263 -0.39157050777187985
0.2545238345025892 0.9530486559657418 1.3353579615612312
0.22317489086570008 0.679989074082819 0.11948693604651894
0.5174640833232714 0.2696341402782265 -1.0235363262356691
0.005666187825675739 0.676624203353582 0.16564258501896734
0.08930975097084692 0.7686668066057437 0.5026047478826681
0.5381091903847599 0.6670971808727187 -0.525866272790313
0.5232038841306924 0.5517948839949784 -0.7882590534904448
0.4912053552570166 0.11930024248490301 -0.7885761806241766
0.6852936196391711 0.8910649477728705 -0.14903118773334167
0.7806596710699854 0.07859768753050733 -1.8745926393823804
0.38805031948182844 0.08744867735786277 -0.4836013814362591
0.8265840813468094 0.12741075784305245 -2.205512182211319
0.5490861294281844 0.4155034467642186 -1.0830796755215801
0.8568939922605407 0.7821178091139143 -1.5230096965779025
0.6214608294114332 0.5488598777268486 -1.1407250425427862
0.8139750986454656 0.34337609487429666 -2.285790832642323
0.17240829624358045 0.3140857882204324 -0.46267710542276086
0.14465280226044264 0.975384701171537 1.5338261561909232
0.07642575428498855 0.8508896145799183 0.8730780383827543
0.4973092073376073 0.11941188213105658 -0.8061650775090383
0.5554068109587172 0.6579774410347584 -0.6118889768361782
0.2286680968672875 0.7313677085608229 0.29779399143541285
0.9327784106177625 0.7563906850561851 -2.055140367316933
0.0018042411657793744 0.9577363467576233 1.4460032895969959
0.924927615172041 0.4759834610070428 -2.7801745645784264
0.19954782743053723 0.3992124952287517 -0.4421150314810365
0.8863176090227537 0.821584428179156 -1.51161112565506
0.7957454127048693 0.5654792574344593 -1.9040917855847825
0.971921860904137 0.0745375653043685 -2.92097724524579
0.8128073684604045 0.2117045423616839 -2.2398546585118737
0.7605729647849632 0.8611252949235682 -0.6556349093632123
0.40793334912063683 0.8353708073665178 0.4878413529924672
0.6449642028228072 0.43199233865740116 -1.424079439549928
0.9088010536270533 0.3080375388492679 -2.810757984190313
0.04682402642000261 0.6303608344444048 0.022504686224286585
0.10272490558261427 0.0939956665467756 -0.22939377845741116
0.3840100950213807 0.11993319927185964 -0.536462868122985
0.2439411829464756 0.43489565475206526 -0.440528983064462
0.2678988521269813 0.25405402077930794 -0.5174849984875856
0.9881100537403454 0.10917673393981642 -3.0831048413855537
0.34092174264295727 0.7741043187516686 0.3384300828707918
0.025440261580597534 0.5512325881012538 -0.17618738176501014
0.1867226595580419 0.7893641915022961 0.5594778266422926
0.402626292299506 0.02416044445343657 -0.36737313544978956
0.1819025946917303 0.011304469321090638 -0.0628119666617691
0.7093551528082396 0.10991660200725673 -1.5893666414680352
0.5356293653941413 0.8049938985621926 0.009492778204402086
0.1604046210366914 0.9499236883560983 1.3787935857346891
0.5324133956346077 0.5502299185826918 -0.820571316171156
0.7959483276444004 0.32918432045295265 -2.194835873588256
0.7253759306808428 0.585303578850629 -1.5080520318230592
0.010039239240520748 0.8364578327211762 0.806389905936761
0.4291160218407598 0.8086798632423425 0.31856043653868404
0.058206974225951114 0.7349065743814587 0.3715456015088545
0.3986402139647913 0.2207434051055981 -0.692998684659887
0.23655597658870842 0.726661379417215 0.27381780178870097
0.5136039004935814 0.29078411463760334 -1.0177024647007222
0.19314959076620564 0.1373524849446338 -0.3374486406764685
0.21791838606217906 0.34714107198401045 -0.48319579113367395
0.386485715135783 0.4649120931246967 -0.5992381799318758
0.47192533408213777 0.41550149548365956 -0.85227775009832
0.4455275119701204 0.7247233409075979 -0.06437950809929727
0.1460657085885959 0.830151359162321 0.7600022315161423
0.6436671403996035 0.9056132401508752 0.10595763571678907
0.2458079558741164 0.5707008852994131 -0.20786967982603222
0.9367901080234772 0.6755248742576517 -2.372768444398814
0.6673728820659832 0.2159344083431508 -1.5435068849120857
0.05614115238074224 0.8201926694525582 0.7296851074073869
0.032069063948298226 0.3909555293606507 -0.407055685894555
0.092933644110619 0.2945479677684706 -0.43876001087153604
0.4606234221443929 0.42109379852353646 -0.817418385751397
0.4238253627753178 0.15107970233419732 -0.668297434671657
0.6234252727031453 0.9100501166310127 0.21144282699677808
0.884335193375902 0.39497046990201845 -2.6415098134115884
0.12903087310621253 0.71768154960972 0.29663639868668223
0.39995555745987377 0.22439037887541669 -0.6985826456159864
0.603222418867983 0.015062972718768664 -0.9302697679103359
0.6438993522314986 0.03676856795625616 -1.1467585257436859
0.879693555569511 0.5957140231531071 -2.282775367692863
0.5768677758200514 0.535367061065741 -1.0015152192124346
0.29916435601927605 0.28732652851948626 -0.5650755323518901
0.005344851951170404 0.45760345097654065 -0.33898641340700175
0.6925842667812618 0.3689797031447202 -1.680077132858431
0.7687783568903779 0.7851706654233445 -1.0465838208230427
0.27554077279532263 0.5304222413171088 -0.32373589574983397
0.1578433871872993 0.9480186767372258 1.368866136829658
0.39615526183837946 0.29371988957361383 -0.7233667556054869
0.06675523814741213 0.8590928435621005 0.9140545622251919
0.4195038369328056 0.7006126370533519 -0.09122985048826582
0.7512246733311849 0.6250234046829168 -1.5274163872653157
0.0453657953867983 0.07241807785626786 -0.1797001526336314
0.08613808287902347 0.31604355210281054 -0.43899334482712815
0.4669686953205313 0.8015233818544908 0.19401141724849102
0.4567262283377921 0.7126033603400317 -0.1365652244524853
0.01945375959229656 0.11801951461191518 -0.26781820039095566
0.30141933765684736 0.3428701887391674 -0.5659121938946194
0.2914707244062694 0.8726281225291654 0.8606116461287279
0.05664427308496678 0.6129996952059694 -0.026464607259930162
0.798375373259947 0.34486810186798555 -2.2037521534259055
0.0238050302031918 0.6283178511649775 0.01715765645288614
0.46886582892268236 0.20700780232934723 -0.8444616037531187
0.5201391618535035 0.4721914756882897 -0.9227119689503593
0.29273260878352925 0.3138668933018073 -0.5597188806807178
0.7646421046282318 0.029210012823725373 -1.6795904131938482
0.024519508825681546 0.12576990312722702 -0.2810588716014958
0.4231652912008155 0.9355428068777972 0.9725528730287842
0.8285781768900591 0.2577757790603801 -2.3552202345034945
0.7511197979363623 0.9173197410124968 -0.3166364652823157
0.7172276630734727 0.7389947233183916 -0.9841958115422853
0.9694022441660622 0.6430393763952468 -2.662458498618013
0.7681592070100431 0.7154317829417881 -1.3191387750067805
0.3304051973724197 0.062469836549386204 -0.33199678094707086
0.18029945489758314 0.18199830941794504 -0.3914701241427311
0.3214193511458603 0.7041064066468946 0.09780554005985187
0.2611323583240306 0.6263392229260424 -0.07818997518466198
0.8508436886704412 0.2455078560249716 -2.468893086002615
0.16592384529640758 0.2864040728664038 -0.4571049770827852
0.2937202717624354 0.11753907341372294 -0.3923262264216761
0.7678257080781554 0.9892132863670594 0.01609457146406834
0.5683833577070992 0.9968574990334479 0.9182207779755065
0.9939952249093014 0.6782664012756553 -2.6941155801214753
0.8151315812784553 0.008872205213446782 -1.885508983105232
0.16455085894609944 0.8433642696618834 0.8155488902734946
0.13595313791604646 0.8523547986218708 0.8691118869582986
0.13331047035361865 0.6927977688928849 0.20720045336847148
0.9338645590743783 0.7507549563996592 -2.083802083765232
0.3181077116838198 0.1283605690955839 -0.4422725440480598
0.5832549464788548 0.23949029279723322 -1.2276741647358627
0.45314740760510386 0.5300875430683754 -0.6371899828960172
0.1444137702869831 0.47873474834845664 -0.3253230654425523
0.7527593870642452 0.20968121890821823 -1.9320848576399743
0.306530500688052 0.903623347821366 1.0028149365040808
0.7228324931240903 0.5855116686453696 -1.495535481359981
0.18543401361915834 0.1694059593604773 -0.3787475677620501
0.3412167354338663 0.18148513006140599 -0.5510504165602508
0.9875019222702183 0.6162482233274788 -2.8440889992323646
0.41191563657876573 0.40017951900708926 -0.7217380259327646
0.2209699357193663 0.033936942354971245 -0.1455055420149851
0.8028497894430927 0.3330948467813577 -2.2299730894467986
0.5333072276600102 0.2303635646788743 -1.0513779642311767
0.7905796692916569 0.14501366597670673 -2.0444623010427
0.24365430077118044 0.577990408584001 -0.1887217515271662
0.3513518354140941 0.9773269848384171 1.3543673861453205
0.8704161904307045 0.6010234319111505 -2.2175511614756562
0.9210678700407104 0.8857008429859906 -1.394798776622117
0.8394375659712012 0.08133275534237083 -2.188782824490662
0.0927990077133708 0.41159758731014884 -0.3945366842965795
0.4043225173223115 0.5406069120245822 -0.5044110727623483
0.9311787113245122 0.2710541903447611 -2.9309971047209133
0.781833082066263 0.7581147641530303 -1.2246898922807117
0.627840990739663 0.28835295165129593 -1.4180325619624392
0.839081792501143 0.4030578250895177 -2.3864096698180592
0.3977217275162317 0.37147505463721664 -0.7114887707404914
0.8140412898948531 0.10553804700428504 -2.1006531905841572
0.30510955561481534 0.5069846988179735 -0.402513430730399
0.07514898090883182 0.6064092340531738 -0.04552013562402535
0.3850387902392205 0.6121321068105855 -0.29514008701130745
0.12845380022482067 0.3639594757117903 -0.43449103181421755
0.279350742795749 0.9869570834458783 1.5111217546870677
0.7396787097606555 0.010497246259037807 -1.508034192267493
0.9785947601267356 0.11048648998585642 -3.0303353655373066
0.6905978474186795 0.5133009421177067 -1.5022737333520926
0.07945958322358215 0.11736220287227883 -0.2694258961319212
0.041338081446238406 0.4037214166097516 -0.3973617903605384
0.2845903968045538 0.6998661059442883 0.12986759124228953
0.5262971592675445 0.3578903215382133 -1.0487268067394147
0.01356151044540721 0.907797228178086 1.1665845267638257
0.2149612585417192 0.6040691886539094 -0.10076490574027264
0.04211173772562493 0.3855273505411374 -0.41105958927986685
0.5260836591965509 0.6296184584169593 -0.6013951927162509
0.41670575153499056 0.09269771348861455 -0.5531227920771726
0.7526446029570246 0.010521813729644669 -1.5712245545241785
0.16617586858398958 0.5427993450102709 -0.21840200359106077
0.028819012312620518 0.8917393574218503 1.0813888424661702
0.573879032526172 0.41936068160042583 -1.164480278032226
0.23015620345612176 0.9358397900421578 1.2581560755848074
0.5665494517782044 0.3412635070537118 -1.1874162406216344
0.3602999409976748 0.5260297586844755 -0.4501107874274284
0.7321815418628456 0.01585000040585438 -1.4863992446318326
0.2251175806604454 0.27823167924219294 -0.48941212080018776
0.1380501905384156 0.7285569570448157 0.33441292900966024
0.6623683949617125 0.2628813973289157 -1.5523720350280064
0.5919763828606351 0.05351056778789842 -0.9840178447653939
0.9987806674863793 0.5030582900420756 -3.1626866997367857
0.9065697477635158 0.3044151383121001 -2.797967673233291
0.691366610107078 0.34316926716667906 -1.685056870092918
0.9499626790789988 0.7787344515227986 -2.062025391469907
0.29564010190282664 0.7266437271546229 0.21373035775118776
0.08382678794700549 0.15146765293155007 -0.32414166926664545
0.9706119049151869 0.06615499617091347 -2.895233910509755
0.6231632512140091 0.6917789441423198 -0.7497116469300469
0.18962864529855672 0.5301545643023732 -0.25544494479484703
0.1567870389118674 0.4836256520045583 -0.32223159893816344
0.1274588860507181 0.46788911976108205 -0.3361929963553957
0.02219667438490558 0.6549980070303881 0.09654360617547697
0.8320110674655271 0.8681318949128648 -0.9901815720383589
0.915263827960859 0.6373557966356436 -2.368504930613499
0.2678908946471579 0.9347962498936776 1.218297547281355
0.9795710988117468 0.24029672607561725 -3.1945508261137725
0.37240984324862225 0.9925422506632924 1.4102275009345804
0.1961014663200198 0.6143589945773595 -0.061189311256671264
0.610238505521629 0.8892962587493075 0.15290885689430667
0.7170914795445457 0.3115677406065851 -1.8074385640503234
0.3547519096266949 0.301321503757388 -0.6481360705264118
0.29278605514188716 0.8434017187806091 0.7151826051368801
0.06895834355438868 0.38641376816884854 -0.41187467718622395
0.5350160974374317 0.8344656219194364 0.1463682168284719
0.028190580519377617 0.6907555061718289 0.21290073697026757
0.6674151377447224 0.8842406949360307 -0.10630354740253889
0.7349420782088432 0.29981235307775 -1.8913377418589112
0.7605351063345228 0.5533021634113806 -1.7528130042625476
0.591522581776347 0.7766946098761638 -0.3054988592018042
0.10996984560559653 0.5807824471118033 -0.11559305239816453
0.5162939660126921 0.4198398568349748 -0.9745140178994692
0.5257618688669513 0.09532136139445802 -0.8473572069651427
0.1429650154597899 0.7221097460833167 0.30884742188480585
0.8249375398639869 0.5739046724690336 -2.0378151376216582
0.42470554002156247 0.0961652018063992 -0.5776118289226679
0.35719800554712966 0.9500126950107074 1.18419776517764
0.4976252856060861 0.6080483736971558 -0.5756705939343287
0.8048046671441142 0.37139535117597067 -2.225994477196489
0.35511934201254136 0.7175866692964349 0.09431852951442243
0.27281452180870036 0.6117977838791674 -0.13040374359381857
0.6464869281009016 0.5888161135014532 -1.149086121914891
0.5279751880093105 0.8949479214278689 0.4700582117967591
0.49458189895364024 0.6590985074644173 -0.4187922317410335
0.3280105460327829 0.21096499601289254 -0.5615416633597244
0.3979938786047569 0.28768722788407897 -0.7259676027364013
0.0700829234511191 0.8689389401210152 0.9627914162154898
0.3744570975085061 0.32117351287323126 -0.6826155549281401
0.0361710124357808 0.9552445931657947 1.4312606711664455
0.13547456729163154 0.35358508514448006 -0.44088172677885695
0.7895133737537692 0.8718172399582469 -0.7483676558144463
0.3461086655747788 0.07218952130455503 -0.37753737739180226
0.7932899972852939 0.465939119006909 -2.074698701984409
0.2017602860026647 0.4914802861014149 -0.33198732875723924
0.6299813071070285 0.601491018361215 -1.049475205907752
0.988338450382024 0.8635816680783764 -1.8944209887902903
0.9401221039978283 0.9952880641109487 -0.8830301831418561
0.1074684519808291 0.4337760275645951 -0.37465763625374315
0.7200018585657623 0.3405557078806656 -1.817159419884009
0.13613053798432628 0.7229220618769676 0.3139558248236409
0.9887605057730967 0.6237812434649121 -2.830442925351794
0.9911959611547168 0.4929408225366838 -3.13571687300508
0.9141593539208762 0.7762134627625601 -1.867750115072469
0.8122155362734125 0.8965033082421435 -0.7391281630914834
0.6210494069528109 0.40913668500809874 -1.3502259912211025
0.6344531148283059 0.9449005458883785 0.360691114528795
0.6244395146398884 0.4407611660640911 -1.331204226867015
0.9720514141823832 0.7224972811455499 -2.412004995852389
0.43529282936534663 0.1788644328636959 -0.7311161208880687
0.7331324157254574 0.06876307806443638 -1.6189520430564697
0.29745817073273195 0.04004988605317639 -0.23487087695776337
0.15065609211784992 0.19808293908650354 -0.3964054062074156
0.19174423688789977 0.14203660960314635 -0.3438856166581854
0.13076917350512163 0.6283995766752974 0.005346233294188707
0.9188569774231928 0.6043703713474573 -2.4808945476775186
0.4276499265049186 0.5060224459333732 -0.6212241725883703
0.6584032218338621 0.08815281275530695 -1.3223006587159671
0.3962898485231662 0.8840078785337551 0.7519498434710541
0.585379392834567 0.6984729722575457 -0.5832401775932119
0.3027208260582479 0.5382860693649206 -0.33986322572880323
0.617962028054038 0.4671871144340939 -1.2717456043390905
0.07603960965270462 0.16289366446566667 -0.33915079542508997
0.8686189138290343 0.2547830141560161 -2.5715564313690837
0.6596921886154208 0.2109962427964125 -1.5063554394631937
0.5799931133357313 0.8487778659608638 0.06188287850484375
0.627731626098229 0.4686549665340992 -1.3082368700487208
0.7242055117414546 0.8235701579230874 -0.6590756278460574
0.12748102067052247 0.6506126031155953 0.07186991327723935
0.18542526854952923 0.9984053193651199 1.6565754214928483
0.7245022388549743 0.23885935042010165 -1.8187492514835881
0.0004789124202346784 0.9180016682893796 1.2218671115721849
0.9113120965371603 0.5687381073237849 -2.5263597465267997
0.2019437432673331 0.3643884183795436 -0.46572544373109226
0.4964281827307151 0.6614439624852101 -0.4167038013909683
0.6235027593402704 0.11335952840981134 -1.2271635213028866
0.6868805969991933 0.8890333048266936 -0.1666698020061177
0.5937184385529467 0.8292499715656277 -0.0809665404714317
0.8159521117827351 0.90909806090128 -0.6917618553860185
0.16864350935741168 0.4307038012745642 -0.3966676852826684
0.7343030473506543 0.7033704255226527 -1.1964472062597076
0.8533751981136249 0.09850096805315411 -2.2986606169536796
0.10207889540309178 0.08663463303689378 -0.21465637631294304
