0.7674005279925664 0.053832117376150346 10.538844897783333
0.21505084590222534 0.9974350040262944 3.6383677351315304
0.6306261740798721 0.654964557795827 7.70641897526966
0.9428867684709449 0.47325541191339027 10.2129359691445
0.24739736892370945 0.6868063707020077 5.38125993102218
0.01665541668662751 0.31300663901757564 4.883823782106275
0.8522848123701363 0.5691470689702399 9.284747420426216
0.41745013631942185 0.5830195632324786 6.881662927796069
0.10832441368052315 0.32150382023780777 5.564391538444336
0.602673049908248 0.31524311398872085 9.06490914608706
0.19669094085839178 0.2964235947778311 6.2771534084684895
0.1710197579167052 0.6503249449342863 5.063034660040321
0.5352569868080447 0.5770422336754322 7.610181992286954
0.2675488061737722 0.9491535223044378 4.143541191515176
0.39395972679859736 0.6593511653927074 6.379064782305461
0.15925108668567278 0.6752981571943452 4.892795243074266
0.8707153642781178 0.2255623096478786 10.836676468654392
0.8424219796976768 0.602149414777686 9.040646592380593
0.4471286028523943 0.6508922483206121 6.729522897228582
0.25215478306353123 0.5892150919612796 5.81625563260629
0.33509571119404424 0.510393555702519 6.658338932108023
0.003942915054007123 0.829478611194073 3.3976019879286348
0.11572655627335093 0.2612467249642839 5.722746983742544
0.8674758077199599 0.8168879835336136 7.598963765026125
0.22288899456022782 0.1447235746944462 6.697626584920801
0.9116983649897623 0.3612195295994094 10.59355936568697
0.5411257343852718 0.3584061862876313 8.541246988707453
0.41292568373374927 0.7045061822879836 6.255706202987458
0.8608871909995595 0.33541904345718254 10.450611551211985
0.9525432149344742 0.73280384710267 8.562194380358614
0.11829433365176245 0.5957239121992615 4.920224946437412
0.7614827045073297 0.1648710332584209 10.377307597067247
0.21247153994809442 0.027583924877600308 6.684468203521027
0.4159701693052432 0.6365937722143709 6.62005827489053
0.33401221277251825 0.5305329239795408 6.574855453154299
0.856367806859074 0.33724929283633565 10.421630901340063
0.7852816164069673 0.33475662559315467 10.064672692287541
0.8871003778736551 0.3091851579630803 10.670771544810517
0.7307183131529312 0.6193745134718726 8.418638885392848
0.8819228782037223 0.9819155763284514 6.207326776729901
0.8426289621145571 0.7162178902966453 8.275484163984663
0.603919808616272 0.46533369307099115 8.52829849170111
0.1640411652329854 0.27990100493930337 6.061022057235915
0.25436835669009084 0.3606015237093627 6.5620255928515725
0.8653912645250511 0.07034375280459981 11.063363305037802
0.3650890715913928 0.9180192640711187 4.771851801644506
0.03838566028428536 0.995058594487945 2.8894213847454746
0.6838570377283433 0.02748778152038467 10.05050156829481
0.16893886113148016 0.0859588497103243 6.321664026010923
0.5502071317911613 0.05484484395725031 9.16910298329844
0.7392056781052416 0.7851190294914028 7.348613322369349
0.7984246967868777 0.22234943019976772 10.465909205153729
0.01815685855343907 0.9726987098185054 2.8971411014644346
0.8492941165365997 0.806467773849431 7.617085762553034
0.07784327916701339 0.08959203370665436 5.599568966184818
0.9803206897023609 0.8567599157479087 7.6264553591519855
0.09349071347301885 0.7404477697181682 4.242122628711225
0.17712936928253098 0.16948993291901815 6.31779258838237
0.012043890036864013 0.6654237295560883 4.009069523557617
0.323650958879658 0.32858943860530543 7.14061230361226
0.8574611019452766 0.34993824915230065 10.379803801614184
0.9969964403687128 0.5994109627669397 9.675801700714999
0.29649403598738655 0.28233927852650165 7.046839522579406
0.37762432163478543 0.6168448692790472 6.484635735710597
0.9412888967499857 0.503154145317024 10.045446812734564
0.03452687384139419 0.9818696820171366 2.9307423700024806
0.796709072367012 0.511793782098605 9.346833052123252
0.2030086589825011 0.6443810267460425 5.2868561722571545
0.9341795486310818 0.7128684114282323 8.648858048981346
0.49017016292459037 0.41586401594971323 8.019043356062895
0.17625938764787907 0.19656408538098402 6.279489353857715
0.6544380294432678 0.6174104686204016 8.04756566875561
0.8966559765446409 0.5906918493259197 9.343709248147238
0.115770304440595 0.5565430657499127 5.030067997177615
0.5307457301096389 0.47642736728631463 8.041661531316679
0.43444232473325006 0.6713836933636107 6.551225608415172
0.6126878424848032 0.939396658467146 5.666964792252198
0.08969780655732296 0.5370781890663793 4.911761727396611
0.5476084298418377 0.5791787800594513 7.670448677839196
0.12123324255920576 0.6217521957710566 4.850730232140576
0.6421234222693456 0.37668869748007205 9.104696931139454
0.6103421875652877 0.9167881628426783 5.8313606228176464
0.9691265940120546 0.14185516349476968 11.47866502442313
0.780191193462757 0.6098311806517042 8.711691582218407
0.19193345826655173 0.6206085794426134 5.309109083179702
0.3764875509180029 0.5503030080698139 6.768852673560604
0.9623626669687856 0.73871389061702 8.549933864041336
0.5554201626549458 0.4799434689981421 8.176917112344661
0.22322747666303 0.6616173423317351 5.342336140148967
0.3937646311525995 0.006280032533991564 8.069182112013314
0.7525766017848232 0.5207719172670922 9.080464507300253
0.7605627272072758 0.9527243621720451 6.092861153243261
0.4717006926563856 0.0053291611233147185 8.635092687089912
0.8839042229353521 0.847660185964786 7.402058870509898
0.9935796062110906 0.9017004004661122 7.259647324651735
0.9517386105858735 0.985997642350296 6.356866531668869
0.8430921914963103 0.8739663692492949 7.042763206373503
0.1673756119780826 0.5710949980722257 5.3278130516695175
0.7088292141986685 0.5471931335963299 8.717139598175104
0.8320186927813373 0.9883931981938054 6.003240322050514
0.7081624852551187 0.14417241422016303 10.097653409449993
0.11222651028467312 0.8415245729643747 3.928615193884649
0.2386485932027519 0.7181932794564215 5.18898300742593
0.47320939596932 0.8576085195927028 5.656603546410594
0.5326734756164007 0.4727235461884456 8.068812690842694
0.21282658496450213 0.4512352959332543 6.0202014934931
0.366316140560778 0.2823797756365859 7.553917551185416
0.09748150092901664 0.15498800080041575 5.709351411165049
0.13915398912792876 0.05007506768677905 6.101984248593136
0.5459248571614888 0.8684148293063327 5.913612456553391
0.08153927249780257 0.614522980460411 4.617624848019601
0.10629907163916164 0.555010232184765 4.970859340554106
0.044052102323654085 0.9471580442793528 3.125704335866228
0.6447630497531628 0.8603587608800711 6.396486981050322
0.35353916811111663 0.49033170654112235 6.854303010633845
0.19946465785011824 0.9531249131502543 3.813717323029713
0.7861732971864692 0.19483818125644692 10.45951622166061
0.8411410446759864 0.6738256570951187 8.567112324739877
0.5631233408319374 0.7212675408815138 6.961965508563349
0.41400534104022957 0.6553434188295042 6.515735435346805
0.3433223945782322 0.7817161026546326 5.459722247040093
0.8296921369032494 0.5240248097757458 9.438902693485225
0.8400646523012445 0.03859359225429959 10.949330783175522
0.4026969968432248 0.826094917712438 5.513655966109666
0.5396306841862379 0.10224841344396318 9.06297078152463
0.5420260601130936 0.21672363876642275 8.913476064736537
0.3696117931972408 0.7549224288988219 5.7465020916791465
0.7362475315583448 0.1651713768770302 10.230934479771225
0.8679941134927671 0.6094701427947377 9.104963505499757
0.3058632984002999 0.5969206389056797 6.127708745311343
0.27701040156933676 0.38497877147299986 6.661745403748418
0.722486515777181 0.07081568911773883 10.264225343954442
0.4758013156044898 0.5270522408485416 7.48859094406961
0.1656927684198647 0.1156628049223114 6.277261639964879
0.7684770018647296 0.5712704305626786 8.883503847336378
0.49693133748743945 0.5191965988944024 7.652337312778563
0.11821829037523857 0.26438640977508165 5.7370247585494445
0.4653871184807733 0.7719529894379034 6.155270078935835
0.26278758696541304 0.4614665043506705 6.3378125604554665
0.9170269383398414 0.7871331164031731 8.011990965649401
0.6023286399246244 0.969661056640887 5.391384243045811
0.11562892795158475 0.8522016378361841 3.8992550320849153
0.6794947309082506 0.3331493625929808 9.47587616747417
0.35633113687042073 0.23697292322465302 7.572979220520759
0.0019208352137968232 0.4612235744209918 4.491304104310556
0.8354380958149633 0.44599464235087816 9.863307400852523
0.006128673337974844 0.9421920093223592 2.968912077818173
0.6088242923965397 0.0951391558465089 9.531924972974068
0.1837872370899859 0.03665191298002923 6.457694696995367
0.1410265369250362 0.8104718496493575 4.220723255188401
0.9548850787480024 0.22752407799393914 11.23282666854039
0.43435437499364615 0.49769651779516466 7.3516011180989675
0.5489213521460079 0.9385881749897508 5.421251531829641
0.632672025142353 0.8402077289136277 6.493184197156308
0.5201581485908151 0.3181495713659931 8.525679331374267
0.6106456516952716 0.5033028801153075 8.398308292104936
0.7508085498413396 0.6483476862296434 8.335763940091361
0.6940943912406697 0.2148142688028023 9.884975983570602
0.6980334884023051 0.7049622202980195 7.724283380617964
0.4927505617532765 0.1627891059591663 8.6682702462627
0.16070591436767923 0.6707489691955648 4.9195722660633265
0.8536748821045071 0.6134458154148541 9.018568262512357
0.9814355733655803 0.5053679034188578 10.194031429113235
0.2270470038213619 0.8726580739240728 4.371510798258806
0.9267006361176438 0.831843372866812 7.676140412662381
0.25526491883873625 0.5457597724990199 6.000238792717667
0.7042696867702697 0.9524280111558392 5.901306482960399
0.39048665262466375 0.8920440514647472 5.050898412289996
0.8598585171270683 0.418414872894202 10.107728915170787
0.7827647012162144 0.8016063585547059 7.402036688082921
0.0363609345182514 0.455514051615445 4.751344593180389
0.4673260924009447 0.5954504958773935 7.123221014674365
0.2051663308096423 0.5446065759219952 5.670708923536311
0.02700363377985282 0.7505291380232588 3.8146093536842245
0.04975954882198663 0.7557451878799607 3.928388165526382
0.6586129883288782 0.7743147167339018 7.074771500184784
0.9627597120590001 0.6113786409767438 9.471044246857048
0.7973879830142137 0.2698318291416677 10.336220881086824
0.9321906756823825 0.6847560221237888 8.848278161263153
0.03892172595256482 0.5059229953757851 4.645936233104852
0.21052155284110285 0.8618793756271904 4.3433959519605185
0.693277348792687 0.8663529143343612 6.5489486703203585
0.7590669572907284 0.7418528446611464 7.745181270795065
0.8434808173493163 0.464727033810452 9.811656319466824
0.23592941504041653 0.4265952416408769 6.2542857435221775
0.8713684592697453 0.9401944367215997 6.557690262383314
0.9240184587664073 0.263257340234086 10.992021267929331
0.4914977094643683 0.5966782616510695 7.259213776872683
0.3756464343955209 0.47254971861150696 7.065401202354588
0.14122317975462695 0.7598161426971263 4.441145752730993
0.6718567846846065 0.7402523749922258 7.367865061949287
0.6303438002224229 0.07379003804014073 9.688942209244072
0.02807310059145085 0.45245134957987465 4.698850862283464
0.15816926555761524 0.31025950400938007 5.961193052814435
0.3110220308959978 0.8465964737882575 4.934739020973762
0.5062181963138044 0.602961741082527 7.313262474296433
0.546306790517275 0.11945229366623278 9.091033795149322
0.5641696305440868 0.6452585221444007 7.412377265691839
0.6337135363093 0.8613341595080005 6.343018156027019
0.9574182137162507 0.6178448499190208 9.40794340855825
0.49679111563668155 0.060401992570227936 8.796784585305895
0.05635110408620381 0.5904717217022508 4.527669580476424
0.11091894954630932 0.05103417926136922 5.877870463550384
0.12221971812783705 0.576204765121414 5.010528388317975
0.3285953179843091 0.2836770118548747 7.278690674863562
0.3748455861173027 0.6515469528602621 6.304742236046778
0.8624793795186747 0.41664421084757086 10.128163871465887
0.41744292042711006 0.5687334415164268 6.94575024923782
0.960229179708376 0.9116185082992369 7.076802806661686
0.6748151150152015 0.8110187468530907 6.886240917312637
0.9836693416751032 0.8476939659549918 7.715772582561916
0.8585755657288945 0.29581028027304446 10.575126377317734
0.24019390614205993 0.6127789881999184 5.647123430098175
0.746162462486424 0.38939425607525435 9.649763200460805
0.44327917015708096 0.5334606614063447 7.259732812263444
0.28193925393467056 0.4422769099150481 6.530485454560322
0.5774179567518803 0.7587370854952379 6.797609684213731
0.5278540145077426 0.8236337395672845 6.136048784548508
0.8106514463107871 0.2372032270501947 10.495537564293276
0.9492169323676933 0.58117341564952 9.614992862314274
0.8423897992344945 0.6639144175740122 8.639732886789426
0.650197860281676 0.7349067000706632 7.302271368473094
0.4310952491247554 0.161875391191192 8.233859688255148
0.6787758030628316 0.5509786998823399 8.539487761401638
0.9357659090018934 0.9495659071445516 6.658743179522064
0.7321109852214526 0.4436566467776426 9.345765680434008
0.9376662231507162 0.3758540618779588 10.650201741769541
0.08039450936249581 0.5790116697326892 4.722763771093133
0.3869023189574673 0.8893494045700536 5.051038560943574
0.26654002443962355 0.6138529664435858 5.809640662528288
0.7094780079421447 0.7528392342659 7.451850039471942
0.29098366687300325 0.44447254264241864 6.5863423426536745
0.7268099010886482 0.46459900641474494 9.222439295391043
0.4000819807110124 0.023641968061031138 8.113682731987769
0.24224351431475533 0.6468094035896879 5.521475496920367
0.9702574910512339 0.5849366223426629 9.671674550431149
0.33381471339473867 0.6643002695210015 6.000536495671058
0.3250889227910062 0.8682424076359756 4.88189957957329
0.11629072999477708 0.684311067004614 4.5935173621014345
0.744851309299277 0.6801144823872008 8.103812350979457
0.5572850994138749 0.3428159758035141 8.693933104694313
0.8983443075463371 0.8904959920409952 7.081815359481784
0.09650073915066126 0.22466366249011815 5.62578260969462
0.506337921019659 0.5991627442993825 7.333029850008492
0.2977021529333965 0.7987129708258257 5.125199676636362
0.9996506078495578 0.8679373851300201 7.582458117619334
0.3104788811055458 0.32691783440017397 7.049851508236179
0.7303124833757801 0.8939050577664006 6.474701897353329
0.5389082277695969 0.39327174977598744 8.410475147722419
0.9281570394322118 0.874332215652005 7.315857897495844
0.9483114727006012 0.9625351862843329 6.5712652909516684
0.7778540693212407 0.5377362905816118 9.116065081028953
0.8928410913612375 0.08478502975645319 11.19051227720432
0.27361012900425685 0.820218498267203 4.884700449066246
0.7395225227379596 0.9080208253872464 6.393952696035553
0.1889639473018011 0.14458292566611275 6.43488213466192
0.632334816669385 0.214037962454376 9.506251161091331
0.5284933316968009 0.5604601342440271 7.651777277237668
0.7256493871444547 0.2417040950881677 10.00930459479758
0.09954409610305814 0.6762803022888927 4.5195865657815055
0.9723994165199774 0.6469786376262837 9.263653844020368
0.5682351784483668 0.6983592265381297 7.126807515743536
0.2697674192714853 0.4983371553420505 6.264646999987133
0.12092206219705426 0.03903262362254256 5.960477286698853
0.8301401405793648 0.08335358389569203 10.866349222455423
0.0520489955822544 0.27682809524224095 5.209993801720411
0.3452919959188492 0.3263999838287551 7.300822638681538
0.15077306347023656 0.06325724721278869 6.189216074638712
0.3945659102714726 0.2756949559917058 7.7703078339947576
0.12180510386694132 0.08498428658622281 5.950480054784967
0.9624413136277834 0.3145526555525494 10.997290037896299
0.8284089957097641 0.4336921230632105 9.886212677269661
0.7954056870044345 0.11879608416874654 10.637675066014957
0.9071191300996836 0.38939964074843825 10.455769316099467
0.0116016339160957 0.9486908787848224 2.967822618398267
0.26911167451413165 0.34354733056475595 6.710540508117894
0.7982781921558443 0.20067017489578165 10.51394203805126
0.050128088515463354 0.9860519031087889 2.981198880996683
0.7828198534644839 0.7714679938997373 7.629301286339057
0.5215076787395464 0.9201131095554964 5.4427906302758
0.43751285586495003 0.7821014961888635 5.951799079659609
0.44015020221645096 0.783319947384545 5.9581238605847595
0.6352520821446697 0.7521709045605264 7.117363043322776
0.6702970526426003 0.28092893752619563 9.578919269838773
0.6744860149896416 0.011133674791723003 9.99534816300437
0.016010950617402542 0.16088261944183913 5.06185952342257
0.7380647427488137 0.7575082508090997 7.543670995042309
0.14348610663495365 0.44875339617414234 5.53563277076107
0.028754830832471323 0.7474201588468103 3.8359221929269762
0.561901154513867 0.7388491344156435 6.847150749506803
0.36904767285230433 0.07304908578456859 7.864788422807342
0.2901903686062539 0.44535499498123765 6.578084484370953
0.908937158174068 0.18811888008789435 11.111259888993901
0.8390208119434802 0.4936675352937754 9.644264818367228
0.06885435978181564 0.11114231632583482 5.516154036839287
0.39549617633237455 0.7402131459672487 5.967236354998523
0.9679701405648495 0.41357994304790624 10.61272471409166
0.74829696390734 0.9950264762128946 5.686084417331775
0.6803562174749612 0.9414221055821991 5.90555590171291
0.2196764845936895 0.29815133655341075 6.445804177524726
0.12801284773799004 0.5111742956382175 5.2516080862412995
0.69778481597871 0.4883537012872121 8.954853746376422
0.6138370826628695 0.3651926838548972 8.974462072321778
0.5231070392573447 0.10013178449159499 8.951528735827921
0.9247633919422142 0.5323373116078323 9.812014868740444
0.1609767690582814 0.26466931518893155 6.06350519544651
0.6349193265726008 0.4036714102637031 8.961654869261226
0.2769435152081057 0.6091017550420583 5.894781170159299
0.7567038400590673 0.5009747252407704 9.202889072430787
0.8755368698064209 0.19781252864597754 10.925796542197705
0.667296503038661 0.5143813688434677 8.66324125562316
0.6207012530826083 0.7172054993625183 7.2748234058510715
0.4466276849323422 0.8325944599730463 5.690145110852183
0.7077368117268299 0.20558716190331705 9.986107939292381
0.7375160465198539 0.6594727506875413 8.203167150382185
0.15924631321721372 0.9143923409311626 3.8255471144527977
0.260146894078764 0.435702194725353 6.3983992305324495
0.01867851789946362 0.6705622245412677 4.03442806210721
0.9969719964595307 0.9021688908363322 7.26450234834806
0.8577556940575287 0.7433084346417802 8.136126604210448
0.6867333831411099 0.6210686098205115 8.191219284497432
0.8576200504652002 0.8931851387632416 6.927806843079701
0.2793727488392229 0.16307680025654236 7.110415700116113
0.6079417444976251 0.21595056658981304 9.347165841354617
0.35063976345545755 0.2965112088421529 7.409880464453171
0.42824225234038604 0.5395780650262324 7.139810243057756
0.11042247132228566 0.9803575791620016 3.2744289745252346
0.8163908483059713 0.7422192318072948 7.980969203547182
0.28148358338013657 0.7811883176419325 5.128355332897566
0.41308692409082703 0.008510856869190286 8.21121065605832
0.832693287372441 0.03556149089946359 10.911067802488121
0.8427218636402333 0.9490493014190153 6.390508873115053
0.5717987823175952 0.8487685878935175 6.16571745620755
0.9473149930665249 0.9818014164672617 6.385658686340246
0.9769030117853169 0.18378949144963697 11.43427377764862
0.4777145637394453 0.592711958150649 7.197788419196262
0.16260649769853652 0.12512058966750428 6.245915580556477
0.5804073456727852 0.8968814472604537 5.857903541695956
0.7295909247679447 0.4896982144051861 9.118187214017603
0.17269629399963693 0.4980367183418464 5.600326588256695
0.7766965842397281 0.8785312616654801 6.770528419207196
0.5172285637086429 0.014342545147509655 8.954863891759903
0.008851006637017211 0.9423580463101716 2.9810368837744665
0.5171479627044662 0.6904011455543398 6.904394022032287
0.5261441689068375 0.13893709343356486 8.930726038030025
0.6836111705580488 0.19337752825747134 9.865398830003144
0.7317773808841276 0.8227657290151266 7.037002511809389
0.6824908597556071 0.09588980362134847 9.999673604716197
0.4016132156664439 0.6534129379169048 6.453131697165222
0.1941907282488986 0.1559899076903838 6.464327189237225
0.4698714958035566 0.792907773154473 6.050841434594312
0.06506337766202863 0.21132464582059352 5.397338393913538
0.9154786132707875 0.8386325017713905 7.582463873447035
0.6777905625481591 0.9359055763565285 5.940733704223403
0.47257897076430855 0.7698091836129792 6.2049533231866825
0.30334352830176037 0.055642901304676196 7.3782651509293675
0.9443305827577149 0.28322866064075947 11.023419628353448
0.3755387402359299 0.15853673298457316 7.834690331468002
0.056165101004459705 0.3809805081968931 5.058387963977684
0.8616823923422468 0.2781781102816674 10.645894666410808
0.9603212339592999 0.06889307800932953 11.527595415480004
0.9692677062590275 0.4155674369744826 10.60882575730242
0.5010205791558774 0.3151726206111639 8.407008079642516
0.7241520634076862 0.6220008714060976 8.370960200543102
0.9869925100383873 0.3292436208867644 11.047880183637846
0.09816061225442163 0.737797710428445 4.279898943755075
0.5912389372758675 0.08960728007099761 9.421170198607518
0.44425713960405566 0.500718100327254 7.402396152412963
0.822199589983994 0.00789633758233288 10.860818727427219
0.45694874901423777 0.026993839692564192 8.526588241464248
0.7629705440481346 0.8061216796380664 7.288954500815215
0.4538069254862003 0.6124118765802712 6.9610716330701585
0.3052047075301194 0.3353189169462272 6.991549851385547
0.7707801454131985 0.6453502620878173 8.44710291308284
0.20850045985748888 0.9780187654233973 3.718455662040081
0.45909031469981265 0.3361988356090674 8.066671258057724
0.9193958816206331 0.7509831096164441 8.305746075024636
0.4762255955531919 0.3317019986010903 8.19495810044978
0.10701874704414827 0.7010479399889106 4.473826478895152
0.010782815723967554 0.881435061541239 3.2350878898011497
0.8019904531108967 0.6220485925351191 8.736323576473138
0.9467859142443846 0.49729318429116287 10.100348580645083
0.5918436199768845 0.98093026685066 5.263866834603206
0.6973891453409866 0.8992702830488906 6.30751884918369
0.048330842501023485 0.26115013377574203 5.203859869618415
0.6070996749359024 0.7288790569777785 7.133920061291693
0.5364579734004051 0.06526806699446597 9.069406144782388
0.3722652900946005 0.5441054531085391 6.767561529642672
0.21249045579892845 0.8005556265239129 4.65632310182285
0.4848941581512025 0.039972226459992655 8.721945257829805
0.26951390317173296 0.46194301008296923 6.382784465432174
0.9384184936602076 0.3272445889727088 10.84520285649241
0.8641566058177577 0.36013752233199037 10.37330219426762
0.17120930831424386 0.47191146218751756 5.667523960799157
0.09545635312268941 0.0010733508681950443 5.76248831351996
0.9762932768464007 0.8154459099345902 7.971102920643325
0.6335183482848535 0.6966755347054803 7.46721573486969
0.6116824533571603 0.3513814962576197 9.0077558782131
0.050185757076084636 0.8511651475316268 3.560048070868288
0.38088864107781806 0.29109118021712954 7.638510093460216
0.9981226545868894 0.2544091966261377 11.346282588497669
0.25247107336411767 0.9622978384576163 4.00052647049767
0.8365384041685667 0.05603339485801717 10.921457678610007
0.49555446397343617 0.7582491350043467 6.392179110535093
0.3836875449144874 0.26034578028781574 7.725324949238248
0.3733183002114576 0.7373626365967065 5.861001016750877
0.38132410730612243 0.32695274076978265 7.554609413788247
0.30463655063223904 0.9552942419689182 4.272279984661664
0.787424288178931 0.6844759943310065 8.26527358008423
0.570530423029762 0.47238352178578513 8.29989172953075
0.7748981587382251 0.7947877909974471 7.422625443288776
0.954579122233199 0.9123814290526182 7.053912033397241
0.28225524061963714 0.6796175474911164 5.622172519925425
0.3080858602180502 0.08432202753435025 7.399497304478851
0.6244835899507436 0.46362998742076356 8.655830328200363
0.7634856537713317 0.21658762042283874 10.285495839718756
0.8427640914499237 0.4682517308349671 9.790853927097542
0.11225379074944253 0.04713969769852144 5.88959566340467
0.592281396169218 0.24832847099837785 9.175667697156065
0.5756335792959555 0.4519088544012986 8.415837912443596
0.6477901061729215 0.579682233913343 8.221968483748602
0.4299262225379289 0.15210910023851876 8.238198084277501
0.5858605302998577 0.30155350840896966 8.998116718177178
0.11069983043518461 0.2317488898806055 5.726494896954893
0.1133601195714301 0.6929224807201225 4.543157157207109
0.3112103939913079 0.2668511020879403 7.186014803849096
0.34424984023302385 0.1651781709383845 7.595121897675805
0.9894495854165972 0.39984232680343545 10.764043437181545
0.054254903396397935 0.024899966286424657 5.4321418975250095
0.23737337595823393 0.2891631856485254 6.595515643911538
0.17997158536349767 0.668998234221433 5.045549811838923
0.8015989925872944 0.2638245505929804 10.375878066516487
0.8928366277142746 0.8596352084580078 7.330520060364117
0.9671318186567238 0.9703340559826689 6.546416843199855
0.9381261300270748 0.6344929198649026 9.222812010025947
0.18148103632773982 0.01673057398914901 6.442990037724449
0.31360362519625096 0.8256388315777039 5.0638956332639165
0.27875640073638364 0.15360183500526914 7.116497222992882
0.039124021610758786 0.920728271087634 3.215590152774313
0.6619942056688244 0.41118781638905655 9.090869610104352
0.4104817981881951 0.10765175972673624 8.14498450632222
0.31877277737472187 0.7128359981392245 5.6792820721882205
0.3364321755074926 0.3389112534419455 7.206331235497755
0.2511277123019924 0.9742238888748631 3.9259142608506488
0.8398746792845504 0.27551430393279464 10.543256776842572
0.4412164144049918 0.3611774630386122 7.873308465651499
0.19804607738571556 0.40070709258122594 6.0532725853544695
0.0956720584856181 0.12059431657387132 5.722345756728025
0.2960811859284921 0.5669263865388089 6.186799937832734
0.6865592470677477 0.740893799697624 7.431072365638962
0.22659465463146578 0.0690519760560262 6.78108541815476
0.44714485239635704 0.6879303118360302 6.535210584334854
0.3600380634868269 0.9958996637116588 4.251282772382292
0.26334590237547983 0.23378304568214048 6.889835029031825
0.1315197955834393 0.21782021129491558 5.906191812119349
0.08039698500852221 0.1494400156644926 5.579595524811183
0.6068997764133743 0.669345927127907 7.499246836700059
0.710659584501332 0.7321560318149631 7.599981793000104
0.8135733053578704 0.594963866830047 8.955792584527444
0.72457603989314 0.4693887015048456 9.188272398586534
0.7889801695635079 0.13406148611993562 10.581277594671182
0.8274200032607871 0.04239762015674475 10.879716127748013
0.33343335113896777 0.6820598715831593 5.913912815108112
0.2945655242824946 0.015952661461205442 7.321661189099039
0.28810008801902687 0.09389544168622899 7.2410117093409845
0.5213671215690705 0.8859116741243989 5.683466229120295
0.15836225547133342 0.826923356708196 4.240004395305576
0.021029775899772396 0.5791503480830996 4.325432771927962
0.1569874741882945 0.6707966165953154 4.896377614864197
0.0615968590859961 0.2952817697973662 5.254750510230274
0.710488088758405 0.6435212060628503 8.173981374589323
0.10472022668134551 0.02598734924931423 5.834260841826249
0.566884163474327 0.829169725453375 6.279371973954108
0.7010368927296954 0.8012172953755375 7.069720758413204
0.6703861977501233 0.018575740146530406 9.96858908844342
0.9681991902922087 0.7528028319840198 8.458777242220254
0.10038040410848992 0.6699831886711672 4.5475550453923566
0.7066896341504614 0.7697729100009795 7.320393374745768
0.6457694773348412 0.45953982112890235 8.796316022170595
0.4469918372787842 0.5296598451985118 7.29910989672483
0.9532378833795463 0.06479300601924998 11.498179539485346
0.08550094224109295 0.25922966892084454 5.4932866789806
0.8102032345425364 0.8456469865716375 7.160031146291565
0.06349336747954948 0.9018770823358826 3.4154783759497582
0.0531241623946489 0.7239908225800914 4.064083063010945
0.8381384744452662 0.010081712616295535 10.946638314267261
0.6306177033947059 0.7849867968465873 6.873888698057175
0.5178243899762787 0.23649661315125992 8.710525835605921
0.4842495220839058 0.6141995528084242 7.129847850345272
0.2127055636744456 0.009635708151789935 6.688531551873005
0.7257599683368167 0.31011746656529615 9.817839804301595
0.1872581480887897 0.6796548159576251 5.047330617457776
0.23108775791867875 0.46374965349045205 6.110675926287924
0.13870332559271326 0.99581012403298 3.320623731628673
0.4465553210311223 0.7449777569562509 6.215214610097584
0.21959464723790412 0.2757952311595877 6.487859523080175
0.9929155524170211 0.9238102696309599 7.053165497302684
0.05413970827470693 0.5998126007708063 4.484545702643255
0.40832586863465625 0.8296933779110464 5.520030268717028
0.9936286744495649 0.9829726175057755 6.490519824954944
0.8607447790686371 0.14406217117257214 10.951986791964746
0.266388288153235 0.6187599740088622 5.788528181345461
0.27323914658237436 0.4958953987679078 6.2964853878627345
0.12764557907631913 0.411353900913231 5.51634127110197
0.9121352402711935 0.6359726619102014 9.112104879365887
0.8454699701400261 0.15543956557818084 10.85380864476135
0.9319948139973193 0.32619838719196903 10.820149739282973
0.468808518980135 0.9067777837219091 5.309055254877338
0.24441652533176084 0.33785559832690704 6.543817746434464
0.8555563892849667 0.5779729383718164 9.246363346126312
0.915768096819939 0.17553349742199664 11.169924638181778
0.8173943900006734 0.9860644370191973 5.9806173226380785
0.6618353763319026 0.6233457891865515 8.051523812164348
0.8078237086644995 0.3157052604244508 10.249393611255798
0.29295382712773266 0.9208284156450378 4.4238781948422075
0.0529755804244082 0.9624952760644059 3.0994505759329933
0.5137607466115861 0.41987665129203733 8.155837870634462
0.9721679087976225 0.4407738511824364 10.499318772923118
0.7737423724616239 0.7246895567962454 7.929190201977137
0.6158925430681302 0.48722921097839533 8.501878051055321
0.23426941490834807 0.21531749665678857 6.698720305307748
0.7072571675488935 0.7665308650080274 7.345844215921366
0.43355017972521914 0.5127702761261039 7.285473529792812
0.52482611806249 0.36315330995761896 8.420977971646627
0.28905565329643623 0.10580855498929054 7.239661921250331
0.7919923018552203 0.4144554781415042 9.788630574647321
0.7289281753556581 0.7682229394014628 7.4277521068809325
0.7519535432439794 0.11860875421618866 10.391013277973713
0.6026489060214655 0.34159052217387254 8.983732949908417
0.08447114729264915 0.8879945272508621 3.5807283942834007
0.2612472448536419 0.10553924714598006 7.02696790213084
0.5530548832728563 0.024681504327233372 9.19951041584906
0.9101875412999132 0.05850738159077129 11.297586548207835
0.654427702179617 0.5704310359836213 8.306964994453827
0.48145022679992056 0.19734189926646573 8.535575955931632
0.9476170914516328 0.9576932511776691 6.615016580487486
0.19068071467025938 0.39052466286447096 6.025608927098401
0.9840179450958435 0.48865158009135323 10.29700703362099
0.29739516425173596 0.23796932224803158 7.1372750807793786
0.4403699977587866 0.19194070133678431 8.255747626355593
0.2720316801862749 0.5912576722661439 5.935812732316422
0.9274849796585212 0.3612398857696716 10.665088261292553
0.6301824196853062 0.9938850489011964 5.298565985297268
0.6005034799173067 0.8884917247912208 6.0034457720867005
0.5015685408002183 0.9077941114512356 5.444840937797978
0.2511146135252761 0.24392970225323796 6.781003870763514
0.514030603355155 0.033537510997682096 8.928504084041291
0.4834324911993887 0.7012899942978671 6.6610779336641635
0.8949244161051504 0.1475691425087916 11.119117479921911
0.8651511594650857 0.05312391980176845 11.07390191755014
0.05404560435794625 0.10335120249942231 5.403168496096864
0.0005090072453921568 0.6312430620029795 4.039760053794625
0.6575533563277132 0.3327896667497807 9.346869376970085
0.04382227360766311 0.8765066020220786 3.4234408146408777
0.1107512789966365 0.41407426507729184 5.3869214649338
0.10177100038324127 0.21998922532134457 5.67267454106215
0.47934696970409196 0.607030480506131 7.1371631924206795
0.2806105850548327 0.08862022209625531 7.187223986787056
0.5919382703997943 0.851545176534614 6.23493151168878
0.3964353517661864 0.5300428379676071 6.9791237840905875
0.08463234297869315 0.2703668879003833 5.4700494524415895
0.43050014179714546 0.4653983424091812 7.451733014669744
0.7282172700510827 0.7320375375936989 7.679375410268946
0.9084354362530985 0.7608825302138279 8.18981363034112
0.27255094657671475 0.00426231528318588 7.153447773876797
0.740343092018454 0.013365966093549453 10.395401243444054
0.6755153670149247 0.15033023794252454 9.889586382982142
0.3188268281381824 0.7751999471382451 5.362552477208654
0.20644820712542633 0.7156198678949771 5.011028093262247
0.24587128811080639 0.852208081131378 4.573507024684343
0.5842935912925558 0.35576297309165494 8.823457270649183
0.5960539552588088 0.6346024859061231 7.643213234459603
0.8054201732207683 0.3471489872657879 10.126567429692667
0.17962961998604854 0.05417505620923113 6.419888802635965
0.5384328140482941 0.3820838974665641 8.445957303975943
0.8926452456331011 0.11720159712563571 11.152832093830444
0.29438775449698273 0.7384650142306601 5.414070896925335
0.8783893073704556 0.6738413349444253 8.718961324780949
0.8153091816814734 0.7799318944261247 7.6950917692121275
0.737720299024031 0.524114596148549 8.987376517388856
0.5173922905238252 0.7235099632534594 6.713094877639899
0.5414849654263285 0.42389596218797376 8.315802843370982
0.35007517953407086 0.29643839502685876 7.405988036369146
0.33981504432978005 0.27846938960412226 7.371167441948273
0.06066504798692507 0.06756677116218679 5.472507216939451
0.18419841141159488 0.17531431314502433 6.366167362269059
0.971876618108285 0.6986901504166113 8.887739431251196
0.41100342793444933 0.17084108049515545 8.076915346140265
0.9027446921005468 0.3886350182075421 10.4390409643757
0.4386998637708752 0.1895360554976777 8.247707117468398
0.630271083681718 0.08901284338285287 9.676448632647297
0.4136394013601641 0.943479127223855 4.822324636939856
0.44927335176810423 0.1254750803389374 8.40786520873711
0.4272627395019253 0.5146374913487429 7.238011089170471
0.699058414716033 0.332916562138023 9.59078520799167
0.4526069540465173 0.47250531691170694 7.567319446215769
0.10278799941950734 0.5904680832111636 4.835270260056602
0.5271012220656967 0.6025506854380831 7.4350064035069465
0.949462859937668 0.2362783230053278 11.18517234982951
0.6576222742743494 0.9083052604455617 6.083104322091547
0.9598214564069236 0.9956294779010083 6.284384898977848
0.8935845769463299 0.47249106112665884 10.003692743196211
0.7420524239126435 0.43120167873436377 9.453856876737081
0.0817542462171118 0.3965087295206311 5.214693602910793
0.47641338925537435 0.18536691075047884 8.520252073508992
0.36726565092996033 0.18571901519511136 7.737140299490118
0.5488400714587455 0.7719725013126042 6.573204583748611
0.6514058964726628 0.7697561897260206 7.0734077386602525
0.9061753723577175 0.5004218189195311 9.911944561535968
0.6751998449932252 0.9518741613559623 5.801823462241851
0.41520572468395545 0.19557896717076728 8.070179868487037
0.6716179179463702 0.9615158685734655 5.710200561268251
0.8695877798311744 0.11149677324674667 11.043503300714452
0.9043802860896203 0.3776277377532524 10.49298337406973
0.10383360706698386 0.41947354296716044 5.323807679071672
0.26904229803648594 0.90813388306011 4.384330353353429
0.8154632778458674 0.47324556060137424 9.63468258257403
0.6632937510084561 0.6815906152903285 7.708035415192244
0.9079259073102927 0.548597063506061 9.646780591402427
0.42899303585416404 0.20417797111635205 8.154660507039248
0.3330276147383784 0.8349681126305052 5.111363387726597
0.3135690301032362 0.9200447551257329 4.523783804134294
0.996106341048724 0.18379285375754661 11.517579880058715
0.6132608322596772 0.753075053519576 7.007192794851042
0.7021336470041579 0.8880861331644346 6.414205174058204
0.04189487895107091 0.3755346324901151 4.963269492784557
0.862470144231434 0.12800447103853896 10.985000963359138
0.2130152156154257 0.4014263638461364 6.159338749753862
0.23402203168240687 0.9036520678529242 4.24158051945947
0.9781827838623222 0.48064061965888194 10.317513453184912
0.7467846868809389 0.9629686859628702 5.958855607588346
0.06742980731611714 0.5143054437384884 4.822470996030325
0.030641954082755607 0.9608272350883807 3.00461267280253
0.04220927973707378 0.5070237476318322 4.666072898465563
0.846563486156417 0.28836303752440917 10.53820868153991
0.4890224704652879 0.515689542968144 7.61913899154394
0.4474957441838433 0.7095656444622266 6.41940593094332
0.48388602776976886 0.14565182831426526 8.629430062793997
0.1670828613563844 0.5366702992425073 5.440491054730292
0.7624693447815255 0.380046033843207 9.77464119870837
0.03445139642957806 0.2103266294280708 5.1592980169014675
0.5103866166178846 0.29160025202188866 8.532061336624013
0.5557818008307712 0.6996369293819013 7.054659556078889
0.42525555891170186 0.37439466140396127 7.725451153250406
0.15840890524399753 0.3217029932172294 5.940727990293642
0.24886420706675705 0.941452995759429 4.102890810363177
0.9378359717823684 0.4263272180841321 10.425336148522026
0.49645257247759 0.9565861899225678 5.077593036211009
0.8522934100293968 0.812853724144573 7.577070464324937
0.2842993449207043 0.6539193286144138 5.749509263017453
0.5171418813356127 0.36206889077889537 8.374582005022456
0.572637669763267 0.8357442015970408 6.260162360652506
0.4410481757283671 0.5306731884288194 7.257742794561928
0.8799790962033388 0.5604535724414259 9.457593747091519
0.9610319456053822 0.9593673617989038 6.634884051443121
0.6980217858137833 0.414737794900387 9.281840449446225
0.694955020245588 0.05861122128467189 10.105424798618737
0.7115999417470882 0.4073039405684402 9.38793655813653
0.18787732615331232 0.3467133778804038 6.107752563384932
0.18749911162190824 0.3573591497467429 6.081129223340957
0.17296881670175812 0.2351749982097714 6.201328800445948
0.5430459274148869 0.6874708035891092 7.059219649040397
0.575271366490317 0.2789921563830162 8.990871305213131
0.8161727158761082 0.8777076254219486 6.918336006203511
0.6550050170306841 0.4647558693585502 8.826054231677514
0.7313401506376584 0.5474475649237553 8.831381261145065
0.647381274572586 0.708246577385734 7.461969076501635
0.3970358278483519 0.13512195419840622 8.019718712814782
0.13507352346001167 0.579125496087947 5.086349512028094
0.02245804325189893 0.3868196555095297 4.7969431438059935
0.276971295317358 0.1852164583271262 7.064616173027208
0.5918089440452068 0.637687099231858 7.603207037683196
0.4033331908997795 0.42612760302074326 7.411965812563011
0.3926191130577693 0.282094226834391 7.742266871419709
0.8086772935048789 0.5571822601251876 9.155446818971171
0.1132280462274492 0.9902052371305639 3.2383915440807467
0.09426476008742402 0.20057764985397641 5.6376635722106405
0.14969808459693656 0.25791815909501825 5.988267601532948
0.8938804606183548 0.27268265890841226 10.820914863590911
0.2534561121998329 0.6798623555925826 5.448287907809474
0.3890498885770739 0.9410054730413343 4.732111412622013
0.20250895100182387 0.6056053798921905 5.433657152172
0.8687350767690285 0.45395069688769185 9.983091322108088
0.32989497236039833 0.8762845219090754 4.858670546155593
0.990688003676243 0.31348244898190836 11.121459556196768
0.10621391001860392 0.45791909620969684 5.245608843758256
0.1267783790234569 0.6676656938406004 4.720654864560962
0.7779626067383245 0.044019710290947645 10.604353885726018
0.7292399319880187 0.04054462159935279 10.321934718201181
0.13847567224058188 0.0835578935545126 6.082970949408113
0.06808127536267483 0.015054397829001975 5.54360130659382
0.29634205705642214 0.8087139045654548 5.065120565959893
0.9498634285550311 0.07115839440687322 11.477568580926157
0.91280967319969 0.5721218853906735 9.525575470915257
0.6055597634300506 0.6277933715944201 7.732117694802854
0.1345034132247691 0.7869474156333877 4.287450218050009
0.5238674148507682 0.01996042955986954 9.000067847414163
0.9229449431404481 0.912258625751664 6.963539736691981
0.5088875110140605 0.9250029076577175 5.354891822661358
0.6487165929546657 0.7032167935528545 7.5005165277143115
0.2263171913803469 0.6389762471412748 5.454489492110172
0.7662305232754361 0.5228260950677391 9.138382622945555
0.885937440592776 0.5881500400575634 9.31477471533532
0.6204953070351094 0.7552024351665442 7.027577865767183
0.2977553571988317 0.9109106548306007 4.503906280646815
0.5203249000542285 0.8049674309285527 6.2224758390580135
0.5648996566519899 0.73271389789052 6.900366720444721
0.7108321569587133 0.9483058745413484 5.958711058908348
0.8470682007035693 0.3792878036861175 10.213326161437946
0.4980163634088187 0.6584823584628344 6.977093308953506
0.8165137743841383 0.6901039936593695 8.35195768801938
0.3453761942028405 0.9975600860471102 4.1806830795792855
0.7754435417128027 0.3586447708191951 9.925804108726435
0.8174999601448468 0.9272663041732051 6.5015528726851155
0.8202872567708323 0.40692332294305933 9.964694391940567
0.5463290351402068 0.13360273238411313 9.074834750173784
0.44758415623645487 0.747536210156557 6.205971993046644
0.16022478771573911 0.7699524782960963 4.506045403452203
0.03841656357416545 0.9012239301486045 3.293953069467861
0.9213662002256668 0.7863005573306159 8.03355487251439
0.13688218240741967 0.3179683788186789 5.786282528888989
0.510222999928665 0.4462786319821387 8.034621554607943
0.1690827354550507 0.944736168544373 3.7186135360049235
0.44377618011799347 0.5466216906042212 7.20574693126229
0.04784388635960879 0.018824654083611003 5.381651403394188
0.7410200753784182 0.22898434639582432 10.128851668233022
0.06935125602104708 0.23814998288238487 5.39759937830599
0.5642784459371234 0.4343845662284147 8.41675319321105
0.6935994589096648 0.31215384677734614 9.625684102129833
0.3175978187511088 0.15248769490079173 7.411275244028596
0.5283232333694662 0.8205817569479494 6.158447705984624
0.6730869689645714 0.2145132212937101 9.758315461800777
0.06843899472553361 0.7959804632940689 3.880654505784442
0.12474719755850716 0.27638231015799575 5.767859601423131
0.8759888517061083 0.8123860719512813 7.6654633637393506
0.7377732911879026 0.09537707693984665 10.333953391938138
0.9358058091197915 0.2741336791014528 11.013426823939419
0.4009132159605867 0.574084628805483 6.8200227653801235
0.43913120731229627 0.9069528198304807 5.176404175864649
0.3559572990367398 0.49122019340594314 6.8670449321703195
0.9054851661417409 0.6188533998489674 9.199296891155136
0.6160621611016224 0.37756163703453594 8.944850315651452
0.18773820419506893 0.6277598717165381 5.255158414771355
0.2757231173522232 0.027356387891475542 7.175256780139256
0.5812723675800681 0.9001848003718809 5.837237566801865
0.10371482466004645 0.29735134935052165 5.572464979330909
0.185943490219867 0.9330501750420797 3.857501182637388
0.15338067291712165 0.11707455360159746 6.179646140848872
0.8190123493320141 0.667412227655597 8.516981687462728
0.7034339355528987 0.7770724252317524 7.2542656543957005
0.5789744086835659 0.9037378931601295 5.801542069757307
0.7097569345852771 0.2947139791840412 9.772856107697255
0.2714745011482511 0.3439572450167624 6.726705243680942
0.2587349269227581 0.4415635637376931 6.370959537479596
0.23295391925874875 0.3376080582729266 6.460315793799914
0.37284296318352306 0.18566573460976565 7.778100934402842
0.398697931518023 0.06493724523729627 8.088665480547686
0.17273428038239558 0.5985496146161046 5.266740242042584
0.10877361286059939 0.9168473601432057 3.5699416872569625
0.3515420304865279 0.9875169844726959 4.271047032878949
0.8396331637971276 0.21878481687769802 10.694035142725799
0.7098860206688765 0.9488814097515069 5.950588409510752
0.7782614697858093 0.684058660493971 8.227814387811302
0.6096159774180603 0.2755524896367123 9.219000073793914
0.6496871026041683 0.1390988595499535 9.744461920720486
0.6455516574639066 0.40876189375849115 9.004646721192612
0.8455079992006438 0.4575388438300635 9.856424138831661
0.2176281066202086 0.9353188434840441 3.9930771513492513
0.6958010232401137 0.34090559884270855 9.545160115599288
0.6604288229883651 0.6491204498149898 7.892585974270036
0.5077965663371026 0.19028063331199152 8.72956992810964
0.6469744767459358 0.9968255739299439 5.333167764652291
0.20998503303161942 0.8465224381254727 4.4178717955672795
0.6269788289086322 0.15119667201429676 9.583017955630279
0.0037987250709863307 0.4870241136992428 4.4455036917932755
0.42363167578068905 0.7365806573633961 6.139937937212887
0.16629267865136454 0.903289361228093 3.914880770043406
0.5666373370966075 0.5228099897749852 8.052835610720404
0.14343948602143952 0.28443759483541975 5.896733388123528
0.16475273055131123 0.35771386867707144 5.912511705611867
0.6555892556351222 0.43733647608880855 8.947416397650915
0.6237153225857034 0.34132388048955586 9.114459325145734
0.3081606556485481 0.6323179639924329 5.990619399519231
0.626068102855944 0.6475248585489768 7.726712821652029
0.8772654146487258 0.9682506301081455 6.320274622738662
0.9573061546997798 0.32605391987812693 10.933088254959936
0.3084363093886592 0.1162764831600892 7.3783915899202706
0.8893778365277054 0.46760076751456703 10.009703013153544
0.8356395135166699 0.016966472271658484 10.932231027274598
0.2026716495476466 0.6692015466367549 5.184569225005848
0.7250464917534839 0.7130049207339231 7.7949731477953
0.25650499432982576 0.05840512698396294 7.017625448373928
0.9615245248271465 0.30798973848641176 11.016538198753857
0.296896946008101 0.21469196861488504 7.171913406673876
0.15912361049195411 0.6331939914435591 5.052592534063696
0.9153654668527303 0.5332272689869196 9.767646310964363
0.2067147498053714 0.16463287449727015 6.552156895499551
0.12872307723660315 0.042625732239931935 6.021468607244254
0.03095318899249011 0.14424145592377313 5.193090972887431
0.5758750771402329 0.8149493988323326 6.417707496567841
0.09213344524974676 0.7791397914006687 4.081286586784564
0.08963287488964222 0.5578725822773445 4.849446223962313
0.6183949428747036 0.41878116570337764 8.80497455772693
0.2782851539413016 0.08626767347992448 7.170891168613251
0.558519446109898 0.34383784430342434 8.698644859252902
0.586659472202769 0.6008247923009977 7.777412851890078
0.42997877530872375 0.9483471281759837 4.859418530088492
0.3629875522093925 0.140823028670769 7.762934513544438
0.9566901863512394 0.05074807717269458 11.523456217524423
0.6337990665007527 0.722530364188037 7.304574531970838
0.04936252733839619 0.5889108667962311 4.485975097375332
0.07036200485877109 0.16583866545649406 5.486116548009875
0.7981375269340956 0.2811200330276883 10.30731568666053
0.24509323607228628 0.9032367135099327 4.297081820170431
0.13198633889384936 0.412336166169052 5.545522685265947
0.5118359801528942 0.24240604536846855 8.657489969582652
0.6392075710655073 0.6988214599805829 7.4818172642325
0.6973472570203842 0.5140584232469533 8.82728290769688
0.884518591381629 0.6776036973933486 8.717002172983083
0.9293003901850397 0.9749354250748989 6.403319548410827
0.7016873145086328 0.8781810151494759 6.49028033922784
0.9660364096021572 0.8876626664339561 7.310303838841472
0.23713163064592313 0.21604862394703706 6.719394381598614
0.7548619517565419 0.5949229210583624 8.68069544587232
0.4999878915125511 0.7024006351222115 6.743941378307481
0.002729603151665927 0.2436307591690191 4.87353459280495
0.7916769601542326 0.30850940681522343 10.18744950185765
0.5444153912985277 0.6976725576610018 7.006906147266635
0.9983720141534475 0.1768334478040171 11.541882889659675
0.06096180761487491 0.6230543210917803 4.456311377239248
0.6821785374566276 0.9175308639019365 6.1044995133931215
0.8981369411151643 0.49144652428651103 9.9250465957371
0.05789425023672712 0.1158669459157724 5.426266230837538
0.8266063359797632 0.2079649791933692 10.650554655169508
0.860774167700848 0.23217459926571316 10.769839318140018
0.031081194497166176 0.9738635581490606 2.9502871133670574
0.33441175750695384 0.6847216843878591 5.9068364882779205
0.49544092159112385 0.7872165182168517 6.21358391748101
0.04010733845126102 0.33985174951298647 5.016446281836931
0.012449774397674696 0.8733472496970279 3.275289435897848
0.1529574554082198 0.18791269194404903 6.109418242468479
0.21927532817498863 0.857314542243629 4.411246675775223
0.8836295347658497 0.8779746792520501 7.143578802422457
0.4084985800267392 0.5672054793753427 6.897249650138823
0.14351285830575577 0.9531416014707629 3.5582388106462726
0.6170164899890198 0.4356075731620057 8.729634965400507
0.2145610733311315 0.9591332673423886 3.8492625172778108
0.15259856871540245 0.29593992341573694 5.9458345011034694
0.3019168826472851 0.018455427288359694 7.377550858784982
0.606835970749107 0.8966198110271422 5.9692246152975095
0.3644328866098895 0.49772965138119096 6.898741139665001
0.40664079840083 0.1844338623495657 8.025747216609034
0.6598955534291049 0.20853252459313631 9.689706221175015
0.9269707373639008 0.6521685514196971 9.05913474193465
0.9305797605341876 0.5439201273071362 9.768288463981225
0.6535921444872934 0.4381975346898742 8.932334193653382
0.6664814586489006 0.7471185901541039 7.296730807009341
0.7058485663269577 0.36796998789883917 9.507352930775772
0.49081094908539014 0.622057534215914 7.127807755890945
0.1704728712631457 0.440400090436324 5.750591766990895
0.5173866737496698 0.7750583984057031 6.398620599805091
0.010874885233586373 0.6260631769361596 4.122200495395404
0.3757014271388176 0.2872022104584284 7.6103682093834495
0.05438026994226486 0.7391154184229404 4.016689533273722
0.819717123860206 0.33184250150942063 10.255816254777226
0.6352177587406125 0.8624906748800353 6.340774973025919
0.08411406799776466 0.0973295899058022 5.645274398428739
0.014988985487894069 0.7397143419104163 3.7818766547390354
0.004065648741703232 0.5356073329852645 4.327764383923154
0.2679963798529774 0.7896824507363075 5.011857233060656
0.23453204831278984 0.13323952202403666 6.798308941444141
0.9620956422551805 0.0456626971507339 11.551080344953292
0.1057247095005156 0.6186829980380674 4.7609551102686565
0.19096425871452505 0.5985558071674237 5.38521526581767
0.3770663708100185 0.40549679756484047 7.301223485689093
0.10788372131752755 0.583402392093437 4.89188181648006
0.6683878874506176 0.32819954604015233 9.426268840364942
0.9425676409413636 0.6407328594190289 9.197066874449167
0.5559519295462664 0.7505071777374975 6.744458050541664
0.28881358418887126 0.9382516249435098 4.303054719119163
0.015398481564702471 0.9691866961399481 2.899569035880334
0.2429987735864203 0.5388495769955315 5.943651694605656
0.31512587331484776 0.3119015120456098 7.118617118496273
0.5189676816382582 0.5932528777005366 7.435500479403931
0.4327900784238262 0.5493256461820721 7.125992180130506
0.12720995004462232 0.898031223748509 3.7482138007964494
0.745802376675547 0.21879374756927583 10.179875828331145
0.10850070546528923 0.049465960452219515 5.859127949784506
0.7026771309034487 0.7329692367846865 7.558329787334794
0.8827048747394608 0.5375223508987353 9.603116730965318
0.7128528849027509 0.6140042007523221 8.363065321764484
0.981001838343352 0.9170937303689388 7.083763811178064
0.8900254101222566 0.8875301324375426 7.081433350608649
0.22666868653859618 0.7558418785722834 4.946765378109497
0.7711142350043051 0.9131819752506405 6.464054228748867
0.21635386729964934 0.5300300330736023 5.7956832210680345
0.08624549081402433 0.6856931896912702 4.4032581951199585
0.9875174109812949 0.33030273520280395 11.046064624024414
0.5404172524999461 0.34282864191359685 8.585471393064651
0.2554641425479943 0.27145637720239946 6.7644366563082095
0.33500955509707053 0.28056116419680566 7.331885303920483
0.13094270609537384 0.17733935873940743 5.949751242000469
0.5862728592072255 0.031937613857293434 9.42127411714589
0.26492793952270843 0.5286105575479819 6.126350150151166
0.6700706467349791 0.7989079733461548 6.952807773116582
0.3109459652658244 0.7157389567613297 5.620079319019653
0.740601691596072 0.6900958661331185 8.018671205506042
0.31236748066919773 0.33743366347201664 7.037895120281631
0.741347894872189 0.15439345303192875 10.278526387868059
0.5430292690356485 0.6055692845118762 7.5096561473488315
0.6914214615083923 0.8479072226753368 6.682398038594054
0.6726426683651312 0.3148441336351604 9.493652928662325
0.652116005857975 0.7261373086008427 7.368991999177405
0.5277720556592159 0.9203902018418818 5.467073147821877
0.4425746335248204 0.5276448843321404 7.280144758618972
0.05471267561679005 0.7424961013761759 4.006246002225558
0.7712529209353504 0.13852927763801215 10.47495435189052
0.5417749185291797 0.5956018677561667 7.553990867524023
0.08576089599356862 0.23314346329967262 5.531431810248148
0.1704926123124535 0.5872911945114858 5.292136267221027
0.8378985571773672 0.18581594836705562 10.757485994664595
0.14242493588723304 0.26602136849350044 5.919730162694947
0.22479008769993547 0.07939579277462017 6.761845470835401
0.6497702972676977 0.5682662147591607 8.293523285912404
0.12143953812600872 0.038238498468189386 5.964766701229099
0.2797234508664004 0.8359491609994786 4.833256923714824
0.21786941257426107 0.36359111508431097 6.289282702976623
0.5541168204770078 0.16501753332144076 9.084432619615548
0.4601354404633171 0.07702131627544462 8.52720016454957
0.6318872008333205 0.9397496989970816 5.737859977270356
0.5665824997823251 0.19165740976215173 9.123839051352878
0.9182180635919671 0.05997059996850007 11.33575164293108
0.5583706748943013 0.6277188773964354 7.477310121636311
0.34429097906193507 0.6836350074257934 5.969852815676116
0.6968377946812255 0.021070528772216934 10.132117478413871
0.9632672248808977 0.32793637849403057 10.951992149130326
0.7906450791278562 0.11344834788346081 10.617760839564738
0.8440557752871164 0.33898276077254885 10.35398921171311
0.23285338158819235 0.2529468648208766 6.62819189621878
0.8811312863179488 0.3974654509968747 10.300786064936606
0.5911138029954205 0.03587981467184764 9.452201990863648
0.20430934358446073 0.42059556223188754 6.045894841077765
0.6421627050944736 0.8868803172989844 6.186550274334303
0.4327308615494977 0.5051476641691566 7.311321276717834
0.9684772931346183 0.07435600808725373 11.560160989562423
0.9499948629492528 0.582688151078034 9.608439783343492
0.23889032760798434 0.6722765340904056 5.3931217258428585
0.8212549604664258 0.9195282033296467 6.5808646795979735
0.7851209416291755 0.9953795653217063 5.798441246988222
0.4099424866680258 0.8332262774378599 5.5066646425879675
0.012948158918179797 0.07240109604640543 5.090211937064133
0.8262365963065825 0.8294359273871575 7.349262905162867
0.19327896315485826 0.5966361401700722 5.407292435215442
0.8199385053267186 0.2076456090273906 10.615787260843852
0.06237871156183139 0.8450881509867871 3.6493007010560765
0.04181789089411991 0.9865995320854282 2.9421044641352854
0.7700634460555253 0.6672175585662928 8.302791396044821
0.05317007386827688 0.03656446575678829 5.42153399204024
0.8250565805450721 0.6977107096251616 8.334970049195
0.14217423961704478 0.5613888293406774 5.192165234532315
0.41450467325960716 0.4809761687660361 7.289067471755443
0.3094578511845084 0.8958291423857918 4.646757321320661
0.864001702063096 0.03029584975238342 11.078492708473334
0.4639361655159885 0.0020571818840240397 8.579755202586394
0.710842222825338 0.03281554146237575 10.2142758554698
0.7381218919227824 0.3738074314457769 9.666173809568182
0.6051903222126368 0.3123119879126611 9.089309355170514
0.07483962954845202 0.312017713050074 5.32785743962858
0.5207109677497693 0.9314700872658337 5.3579465689931745
0.024287280863135474 0.4361622449394419 4.707988902566332
0.8565356907944283 0.4692179954352629 9.850943449075418
0.9711169382235469 0.31319281564997914 11.039646553185541
0.9792085558177774 0.2186868534746228 11.363211507066406
0.48953405759738855 0.6567740424078823 6.938982628592905
0.10392877217739305 0.5006281934298655 5.114491809384412
0.683692828497201 0.42250679042808903 9.16923504994482
0.6693267137696199 0.8166197635361427 6.822009260521298
0.3592563228628125 0.7289354558139646 5.8273111779832245
0.5734503612233149 0.8622726735265454 6.077839076320883
0.2055674966553852 0.8763025728600615 4.245085439151325
0.32694470382115604 0.10549853085062866 7.527125281886556
0.2035166624774155 0.6880249606391613 5.111579811967056
0.3575318144475721 0.22563246291542205 7.602004911588164
0.03547700707335255 0.4964165069331563 4.645980384538114
0.3015991358127642 0.11691500371476671 7.326023421100608
0.9764359264808283 0.9638730347319991 6.6319788158238975
0.021365323694973015 0.8513227825961406 3.4075714416866503
0.32265856375117985 0.6970167723078486 5.778854333846658
0.6308032466396413 0.8693812678790485 6.271244121470815
0.8129648282263974 0.23205973402933144 10.520844405395668
0.006996793830709502 0.017623504723521033 5.055188752058735
0.9186909759686375 0.025863980979587087 11.354664359032423
0.566651507861669 0.9729178720124214 5.23177155009433
0.6907298028563696 0.2330651364694244 9.823812212512333
0.984041165372727 0.18854629316495974 11.45525705318888
0.3393117224789828 0.05908471011577954 7.649333718381845
0.22829991970282115 0.359104438771662 6.376141641244348
0.8955188139392815 0.5956583568982889 9.307772372344473
0.08203415012584747 0.8305070948145284 3.8146682834714554
0.160080161561309 0.2914711083681587 6.010505340620862
